outputFn	sessID	date	time	spkrCode	lineType	dialect	gen	envType	age	network	phoneModel	sampleCount	sampleRate
BABEL_OP1_203_10974_20130425_164308_S3_scripted.sph	10974	20130425	164308	10974	inLine	VIENTIANE	F	CAR_KIT	46	LAOTEL	NOKIA	68080	8000
BABEL_OP1_203_10974_20130425_163301_D1_scripted.sph	10974	20130425	163301	10974	inLine	VIENTIANE	F	CAR_KIT	46	LAOTEL	NOKIA	78800	8000
BABEL_OP1_203_10974_20130425_163544_M1_scripted.sph	10974	20130425	163544	10974	inLine	VIENTIANE	F	CAR_KIT	46	LAOTEL	NOKIA	64400	8000
BABEL_OP1_203_10974_20130425_164343_N1_scripted.sph	10974	20130425	164343	10974	inLine	VIENTIANE	F	CAR_KIT	46	LAOTEL	NOKIA	55120	8000
BABEL_OP1_203_10974_20130425_163453_C4_scripted.sph	10974	20130425	163453	10974	inLine	VIENTIANE	F	CAR_KIT	46	LAOTEL	NOKIA	50320	8000
BABEL_OP1_203_10974_20130425_163330_O2_scripted.sph	10974	20130425	163330	10974	inLine	VIENTIANE	F	CAR_KIT	46	LAOTEL	NOKIA	38480	8000
BABEL_OP1_203_10974_20130425_163427_C1_scripted.sph	10974	20130425	163427	10974	inLine	VIENTIANE	F	CAR_KIT	46	LAOTEL	NOKIA	51600	8000
BABEL_OP1_203_10974_20130425_163444_O3_scripted.sph	10974	20130425	163444	10974	inLine	VIENTIANE	F	CAR_KIT	46	LAOTEL	NOKIA	43600	8000
BABEL_OP1_203_10974_20130425_163627_D3_scripted.sph	10974	20130425	163627	10974	inLine	VIENTIANE	F	CAR_KIT	46	LAOTEL	NOKIA	39760	8000
BABEL_OP1_203_10974_20130425_163356_S8_scripted.sph	10974	20130425	163356	10974	inLine	VIENTIANE	F	CAR_KIT	46	LAOTEL	NOKIA	56560	8000
BABEL_OP1_203_10974_20130425_163611_O5_scripted.sph	10974	20130425	163611	10974	inLine	VIENTIANE	F	CAR_KIT	46	LAOTEL	NOKIA	50640	8000
BABEL_OP1_203_10974_20130425_164324_A1_scripted.sph	10974	20130425	164324	10974	inLine	VIENTIANE	F	CAR_KIT	46	LAOTEL	NOKIA	34960	8000
BABEL_OP1_203_10974_20130425_163603_S2_scripted.sph	10974	20130425	163603	10974	inLine	VIENTIANE	F	CAR_KIT	46	LAOTEL	NOKIA	68080	8000
BABEL_OP1_203_10974_20130425_163437_C2_scripted.sph	10974	20130425	163437	10974	inLine	VIENTIANE	F	CAR_KIT	46	LAOTEL	NOKIA	59600	8000
BABEL_OP1_203_10974_20130425_163323_T1_scripted.sph	10974	20130425	163323	10974	inLine	VIENTIANE	F	CAR_KIT	46	LAOTEL	NOKIA	46640	8000
BABEL_OP1_203_10974_20130425_164354_S7_scripted.sph	10974	20130425	164354	10974	inLine	VIENTIANE	F	CAR_KIT	46	LAOTEL	NOKIA	69520	8000
BABEL_OP1_203_10974_20130425_163643_T2_scripted.sph	10974	20130425	163643	10974	inLine	VIENTIANE	F	CAR_KIT	46	LAOTEL	NOKIA	46800	8000
BABEL_OP1_203_10974_20130425_164317_S1_scripted.sph	10974	20130425	164317	10974	inLine	VIENTIANE	F	CAR_KIT	46	LAOTEL	NOKIA	56560	8000
BABEL_OP1_203_10974_20130425_163620_S6_scripted.sph	10974	20130425	163620	10974	inLine	VIENTIANE	F	CAR_KIT	46	LAOTEL	NOKIA	51280	8000
BABEL_OP1_203_10974_20130425_164404_R1_scripted.sph	10974	20130425	164404	10974	inLine	VIENTIANE	F	CAR_KIT	46	LAOTEL	NOKIA	63440	8000
BABEL_OP1_203_10974_20130425_163742_D2_scripted.sph	10974	20130425	163742	10974	inLine	VIENTIANE	F	CAR_KIT	46	LAOTEL	NOKIA	59120	8000
BABEL_OP1_203_10974_20130425_163248_O8_scripted.sph	10974	20130425	163248	10974	inLine	VIENTIANE	F	CAR_KIT	46	LAOTEL	NOKIA	36240	8000
BABEL_OP1_203_10974_20130425_163314_C6_scripted.sph	10974	20130425	163314	10974	inLine	VIENTIANE	F	CAR_KIT	46	LAOTEL	NOKIA	62480	8000
BABEL_OP1_203_10974_20130425_163552_O6_scripted.sph	10974	20130425	163552	10974	inLine	VIENTIANE	F	CAR_KIT	46	LAOTEL	NOKIA	43600	8000
BABEL_OP1_203_10974_20130425_163635_S5_scripted.sph	10974	20130425	163635	10974	inLine	VIENTIANE	F	CAR_KIT	46	LAOTEL	NOKIA	45360	8000
BABEL_OP1_203_10974_20130425_163238_O1_scripted.sph	10974	20130425	163238	10974	inLine	VIENTIANE	F	CAR_KIT	46	LAOTEL	NOKIA	48880	8000
BABEL_OP1_203_10974_20130425_164334_S4_scripted.sph	10974	20130425	164334	10974	inLine	VIENTIANE	F	CAR_KIT	46	LAOTEL	NOKIA	62480	8000
BABEL_OP1_203_10974_20130425_164404_S9_scripted.sph	10974	20130425	164404	10974	inLine	VIENTIANE	F	CAR_KIT	46	LAOTEL	NOKIA	63440	8000
BABEL_OP1_203_14141_20130410_215842_O6_scripted.sph	14141	20130410	215842	14141	inLine	VIENTIANE	F	VEHICLE	40	LAOTEL	NOKIA	67360	8000
BABEL_OP1_203_14141_20130410_215819_M1_scripted.sph	14141	20130410	215819	14141	inLine	VIENTIANE	F	VEHICLE	40	LAOTEL	NOKIA	62960	8000
BABEL_OP1_203_14141_20130410_220010_S5_scripted.sph	14141	20130410	220010	14141	inLine	VIENTIANE	F	VEHICLE	40	LAOTEL	NOKIA	100960	8000
BABEL_OP1_203_14141_20130410_215550_T1_scripted.sph	14141	20130410	215550	14141	inLine	VIENTIANE	F	VEHICLE	40	LAOTEL	NOKIA	49040	8000
BABEL_OP1_203_14141_20130410_220030_D2_scripted.sph	14141	20130410	220030	14141	inLine	VIENTIANE	F	VEHICLE	40	LAOTEL	NOKIA	67200	8000
BABEL_OP1_203_14141_20130410_215856_S2_scripted.sph	14141	20130410	215856	14141	inLine	VIENTIANE	F	VEHICLE	40	LAOTEL	NOKIA	100960	8000
BABEL_OP1_203_14141_20130410_215600_O2_scripted.sph	14141	20130410	215600	14141	inLine	VIENTIANE	F	VEHICLE	40	LAOTEL	NOKIA	58880	8000
BABEL_OP1_203_14141_20130410_215918_O5_scripted.sph	14141	20130410	215918	14141	inLine	VIENTIANE	F	VEHICLE	40	LAOTEL	NOKIA	57680	8000
BABEL_OP1_203_14141_20130410_215449_O1_scripted.sph	14141	20130410	215449	14141	inLine	VIENTIANE	F	VEHICLE	40	LAOTEL	NOKIA	58320	8000
BABEL_OP1_203_14141_20130410_220142_N1_scripted.sph	14141	20130410	220142	14141	inLine	VIENTIANE	F	VEHICLE	40	LAOTEL	NOKIA	62960	8000
BABEL_OP1_203_14141_20130410_220132_S4_scripted.sph	14141	20130410	220132	14141	inLine	VIENTIANE	F	VEHICLE	40	LAOTEL	NOKIA	68240	8000
BABEL_OP1_203_14141_20130410_220020_T2_scripted.sph	14141	20130410	220020	14141	inLine	VIENTIANE	F	VEHICLE	40	LAOTEL	NOKIA	62640	8000
BABEL_OP1_203_14141_20130410_220058_S1_scripted.sph	14141	20130410	220058	14141	inLine	VIENTIANE	F	VEHICLE	40	LAOTEL	NOKIA	92720	8000
BABEL_OP1_203_14141_20130410_215955_D3_scripted.sph	14141	20130410	215955	14141	inLine	VIENTIANE	F	VEHICLE	40	LAOTEL	NOKIA	67360	8000
BABEL_OP1_203_14141_20130410_220211_R1_scripted.sph	14141	20130410	220211	14141	inLine	VIENTIANE	F	VEHICLE	40	LAOTEL	NOKIA	96080	8000
BABEL_OP1_203_14141_20130410_215541_C6_scripted.sph	14141	20130410	215541	14141	inLine	VIENTIANE	F	VEHICLE	40	LAOTEL	NOKIA	58800	8000
BABEL_OP1_203_14141_20130410_215458_O8_scripted.sph	14141	20130410	215458	14141	inLine	VIENTIANE	F	VEHICLE	40	LAOTEL	NOKIA	33840	8000
BABEL_OP1_203_14141_20130410_215529_D1_scripted.sph	14141	20130410	215529	14141	inLine	VIENTIANE	F	VEHICLE	40	LAOTEL	NOKIA	79920	8000
BABEL_OP1_203_14141_20130410_215630_S8_scripted.sph	14141	20130410	215630	14141	inLine	VIENTIANE	F	VEHICLE	40	LAOTEL	NOKIA	87280	8000
BABEL_OP1_203_14141_20130410_220122_A1_scripted.sph	14141	20130410	220122	14141	inLine	VIENTIANE	F	VEHICLE	40	LAOTEL	NOKIA	64560	8000
BABEL_OP1_203_14141_20130410_215944_S6_scripted.sph	14141	20130410	215944	14141	inLine	VIENTIANE	F	VEHICLE	40	LAOTEL	NOKIA	69040	8000
BABEL_OP1_203_14141_20130410_215719_O3_scripted.sph	14141	20130410	215719	14141	inLine	VIENTIANE	F	VEHICLE	40	LAOTEL	NOKIA	37200	8000
BABEL_OP1_203_14141_20130410_215740_C4_scripted.sph	14141	20130410	215740	14141	inLine	VIENTIANE	F	VEHICLE	40	LAOTEL	NOKIA	55280	8000
BABEL_OP1_203_14141_20130410_215712_C2_scripted.sph	14141	20130410	215712	14141	inLine	VIENTIANE	F	VEHICLE	40	LAOTEL	NOKIA	66560	8000
BABEL_OP1_203_14141_20130410_215650_C1_scripted.sph	14141	20130410	215650	14141	inLine	VIENTIANE	F	VEHICLE	40	LAOTEL	NOKIA	55920	8000
BABEL_OP1_203_14141_20130410_220211_S9_scripted.sph	14141	20130410	220211	14141	inLine	VIENTIANE	F	VEHICLE	40	LAOTEL	NOKIA	96080	8000
BABEL_OP1_203_14141_20130410_220157_S7_scripted.sph	14141	20130410	220157	14141	inLine	VIENTIANE	F	VEHICLE	40	LAOTEL	NOKIA	100960	8000
BABEL_OP1_203_14141_20130410_220044_S3_scripted.sph	14141	20130410	220044	14141	inLine	VIENTIANE	F	VEHICLE	40	LAOTEL	NOKIA	97200	8000
BABEL_OP1_203_14237_20130313_215646_O8_scripted.sph	14237	20130313	215646	14237	inLine	VIENTIANE	M	HOME_OFFICE_MOBILE	47	LAOTEL	SONY	40880	8000
BABEL_OP1_203_14237_20130313_215818_O3_scripted.sph	14237	20130313	215818	14237	inLine	VIENTIANE	M	HOME_OFFICE_MOBILE	47	LAOTEL	SONY	39760	8000
BABEL_OP1_203_14237_20130313_220028_A1_scripted.sph	14237	20130313	220028	14237	inLine	VIENTIANE	M	HOME_OFFICE_MOBILE	47	LAOTEL	SONY	34160	8000
BABEL_OP1_203_14237_20130313_215838_M1_scripted.sph	14237	20130313	215838	14237	inLine	VIENTIANE	M	HOME_OFFICE_MOBILE	47	LAOTEL	SONY	55600	8000
BABEL_OP1_203_14237_20130313_215657_D1_scripted.sph	14237	20130313	215657	14237	inLine	VIENTIANE	M	HOME_OFFICE_MOBILE	47	LAOTEL	SONY	64080	8000
BABEL_OP1_203_14237_20130313_215812_C2_scripted.sph	14237	20130313	215812	14237	inLine	VIENTIANE	M	HOME_OFFICE_MOBILE	47	LAOTEL	SONY	67360	8000
BABEL_OP1_203_14237_20130313_215711_C6_scripted.sph	14237	20130313	215711	14237	inLine	VIENTIANE	M	HOME_OFFICE_MOBILE	47	LAOTEL	SONY	67200	8000
BABEL_OP1_203_14237_20130313_220111_S9_scripted.sph	14237	20130313	220111	14237	inLine	VIENTIANE	M	HOME_OFFICE_MOBILE	47	LAOTEL	SONY	81840	8000
BABEL_OP1_203_14237_20130313_215802_C1_scripted.sph	14237	20130313	215802	14237	inLine	VIENTIANE	M	HOME_OFFICE_MOBILE	47	LAOTEL	SONY	62480	8000
BABEL_OP1_203_14237_20130313_215950_T2_scripted.sph	14237	20130313	215950	14237	inLine	VIENTIANE	M	HOME_OFFICE_MOBILE	47	LAOTEL	SONY	51280	8000
BABEL_OP1_203_14237_20130313_215901_S2_scripted.sph	14237	20130313	215901	14237	inLine	VIENTIANE	M	HOME_OFFICE_MOBILE	47	LAOTEL	SONY	92400	8000
BABEL_OP1_203_14237_20130313_220045_N1_scripted.sph	14237	20130313	220045	14237	inLine	VIENTIANE	M	HOME_OFFICE_MOBILE	47	LAOTEL	SONY	55440	8000
BABEL_OP1_203_14237_20130313_215752_S8_scripted.sph	14237	20130313	215752	14237	inLine	VIENTIANE	M	HOME_OFFICE_MOBILE	47	LAOTEL	SONY	68560	8000
BABEL_OP1_203_14237_20130313_215910_O5_scripted.sph	14237	20130313	215910	14237	inLine	VIENTIANE	M	HOME_OFFICE_MOBILE	47	LAOTEL	SONY	56400	8000
BABEL_OP1_203_14237_20130313_215929_D3_scripted.sph	14237	20130313	215929	14237	inLine	VIENTIANE	M	HOME_OFFICE_MOBILE	47	LAOTEL	SONY	49360	8000
BABEL_OP1_203_14237_20130313_215829_C4_scripted.sph	14237	20130313	215829	14237	inLine	VIENTIANE	M	HOME_OFFICE_MOBILE	47	LAOTEL	SONY	67360	8000
BABEL_OP1_203_14237_20130313_215921_S6_scripted.sph	14237	20130313	215921	14237	inLine	VIENTIANE	M	HOME_OFFICE_MOBILE	47	LAOTEL	SONY	69680	8000
BABEL_OP1_203_14237_20130313_215718_T1_scripted.sph	14237	20130313	215718	14237	inLine	VIENTIANE	M	HOME_OFFICE_MOBILE	47	LAOTEL	SONY	35280	8000
BABEL_OP1_203_14237_20130313_220011_S3_scripted.sph	14237	20130313	220011	14237	inLine	VIENTIANE	M	HOME_OFFICE_MOBILE	47	LAOTEL	SONY	71120	8000
BABEL_OP1_203_14237_20130313_215942_S5_scripted.sph	14237	20130313	215942	14237	inLine	VIENTIANE	M	HOME_OFFICE_MOBILE	47	LAOTEL	SONY	80400	8000
BABEL_OP1_203_14237_20130313_215725_O2_scripted.sph	14237	20130313	215725	14237	inLine	VIENTIANE	M	HOME_OFFICE_MOBILE	47	LAOTEL	SONY	32720	8000
BABEL_OP1_203_14237_20130313_220021_S1_scripted.sph	14237	20130313	220021	14237	inLine	VIENTIANE	M	HOME_OFFICE_MOBILE	47	LAOTEL	SONY	58800	8000
BABEL_OP1_203_14237_20130313_215847_O6_scripted.sph	14237	20130313	215847	14237	inLine	VIENTIANE	M	HOME_OFFICE_MOBILE	47	LAOTEL	SONY	52880	8000
BABEL_OP1_203_14237_20130313_220058_S7_scripted.sph	14237	20130313	220058	14237	inLine	VIENTIANE	M	HOME_OFFICE_MOBILE	47	LAOTEL	SONY	89520	8000
BABEL_OP1_203_14237_20130313_220036_S4_scripted.sph	14237	20130313	220036	14237	inLine	VIENTIANE	M	HOME_OFFICE_MOBILE	47	LAOTEL	SONY	48240	8000
BABEL_OP1_203_14237_20130313_220000_D2_scripted.sph	14237	20130313	220000	14237	inLine	VIENTIANE	M	HOME_OFFICE_MOBILE	47	LAOTEL	SONY	63600	8000
BABEL_OP1_203_14237_20130313_220111_R1_scripted.sph	14237	20130313	220111	14237	inLine	VIENTIANE	M	HOME_OFFICE_MOBILE	47	LAOTEL	SONY	81840	8000
BABEL_OP1_203_14237_20130313_215636_O1_scripted.sph	14237	20130313	215636	14237	inLine	VIENTIANE	M	HOME_OFFICE_MOBILE	47	LAOTEL	SONY	50480	8000
BABEL_OP1_203_15163_20130319_155412_S3_scripted.sph	15163	20130319	155412	15163	inLine	VIENTIANE	F	STREET	53	LAOTEL	NOKIA	78480	8000
BABEL_OP1_203_15163_20130319_155220_O6_scripted.sph	15163	20130319	155220	15163	inLine	VIENTIANE	F	STREET	53	LAOTEL	NOKIA	49040	8000
BABEL_OP1_203_15163_20130319_155536_S9_scripted.sph	15163	20130319	155536	15163	inLine	VIENTIANE	F	STREET	53	LAOTEL	NOKIA	100000	8000
BABEL_OP1_203_15163_20130319_155113_S8_scripted.sph	15163	20130319	155113	15163	inLine	VIENTIANE	F	STREET	53	LAOTEL	NOKIA	90320	8000
BABEL_OP1_203_15163_20130319_155151_O3_scripted.sph	15163	20130319	155151	15163	inLine	VIENTIANE	F	STREET	53	LAOTEL	NOKIA	66560	8000
BABEL_OP1_203_15163_20130319_155024_C6_scripted.sph	15163	20130319	155024	15163	inLine	VIENTIANE	F	STREET	53	LAOTEL	NOKIA	67360	8000
BABEL_OP1_203_15163_20130319_155010_D1_scripted.sph	15163	20130319	155010	15163	inLine	VIENTIANE	F	STREET	53	LAOTEL	NOKIA	75760	8000
BABEL_OP1_203_15163_20130319_155035_T1_scripted.sph	15163	20130319	155035	15163	inLine	VIENTIANE	F	STREET	53	LAOTEL	NOKIA	67200	8000
BABEL_OP1_203_15163_20130319_155441_A1_scripted.sph	15163	20130319	155441	15163	inLine	VIENTIANE	F	STREET	53	LAOTEL	NOKIA	101120	8000
BABEL_OP1_203_15163_20130319_154958_O8_scripted.sph	15163	20130319	154958	15163	inLine	VIENTIANE	F	STREET	53	LAOTEL	NOKIA	49680	8000
BABEL_OP1_203_15163_20130319_154946_O1_scripted.sph	15163	20130319	154946	15163	inLine	VIENTIANE	F	STREET	53	LAOTEL	NOKIA	67360	8000
BABEL_OP1_203_15163_20130319_155044_O2_scripted.sph	15163	20130319	155044	15163	inLine	VIENTIANE	F	STREET	53	LAOTEL	NOKIA	47280	8000
BABEL_OP1_203_15163_20130319_155506_N1_scripted.sph	15163	20130319	155506	15163	inLine	VIENTIANE	F	STREET	53	LAOTEL	NOKIA	67360	8000
BABEL_OP1_203_15163_20130319_155141_C2_scripted.sph	15163	20130319	155141	15163	inLine	VIENTIANE	F	STREET	53	LAOTEL	NOKIA	67360	8000
BABEL_OP1_203_15163_20130319_155325_D3_scripted.sph	15163	20130319	155325	15163	inLine	VIENTIANE	F	STREET	53	LAOTEL	NOKIA	67200	8000
BABEL_OP1_203_15163_20130319_155230_S2_scripted.sph	15163	20130319	155230	15163	inLine	VIENTIANE	F	STREET	53	LAOTEL	NOKIA	61680	8000
BABEL_OP1_203_15163_20130319_155400_D2_scripted.sph	15163	20130319	155400	15163	inLine	VIENTIANE	F	STREET	53	LAOTEL	NOKIA	67360	8000
BABEL_OP1_203_15163_20130319_155253_S6_scripted.sph	15163	20130319	155253	15163	inLine	VIENTIANE	F	STREET	53	LAOTEL	NOKIA	101120	8000
BABEL_OP1_203_15163_20130319_155211_M1_scripted.sph	15163	20130319	155211	15163	inLine	VIENTIANE	F	STREET	53	LAOTEL	NOKIA	56880	8000
BABEL_OP1_203_15163_20130319_155536_R1_scripted.sph	15163	20130319	155536	15163	inLine	VIENTIANE	F	STREET	53	LAOTEL	NOKIA	100000	8000
BABEL_OP1_203_15163_20130319_155131_C1_scripted.sph	15163	20130319	155131	15163	inLine	VIENTIANE	F	STREET	53	LAOTEL	NOKIA	67360	8000
BABEL_OP1_203_15163_20130319_155427_S1_scripted.sph	15163	20130319	155427	15163	inLine	VIENTIANE	F	STREET	53	LAOTEL	NOKIA	100960	8000
BABEL_OP1_203_15163_20130319_155521_S7_scripted.sph	15163	20130319	155521	15163	inLine	VIENTIANE	F	STREET	53	LAOTEL	NOKIA	100960	8000
BABEL_OP1_203_15163_20130319_155349_T2_scripted.sph	15163	20130319	155349	15163	inLine	VIENTIANE	F	STREET	53	LAOTEL	NOKIA	59440	8000
BABEL_OP1_203_15163_20130319_155239_O5_scripted.sph	15163	20130319	155239	15163	inLine	VIENTIANE	F	STREET	53	LAOTEL	NOKIA	55280	8000
BABEL_OP1_203_15163_20130319_155456_S4_scripted.sph	15163	20130319	155456	15163	inLine	VIENTIANE	F	STREET	53	LAOTEL	NOKIA	101120	8000
BABEL_OP1_203_15163_20130319_155202_C4_scripted.sph	15163	20130319	155202	15163	inLine	VIENTIANE	F	STREET	53	LAOTEL	NOKIA	67360	8000
BABEL_OP1_203_15163_20130319_155340_S5_scripted.sph	15163	20130319	155340	15163	inLine	VIENTIANE	F	STREET	53	LAOTEL	NOKIA	100000	8000
BABEL_OP1_203_15324_20130512_225922_O8_scripted.sph	15324	20130512	225922	15324	inLine	VIENTIANE	M	CAR_KIT	46	LAOTEL	SAMSUNG	67360	8000
BABEL_OP1_203_15324_20130512_230122_O3_scripted.sph	15324	20130512	230122	15324	inLine	VIENTIANE	M	CAR_KIT	46	LAOTEL	SAMSUNG	67360	8000
BABEL_OP1_203_15324_20130512_230302_S5_scripted.sph	15324	20130512	230302	15324	inLine	VIENTIANE	M	CAR_KIT	46	LAOTEL	SAMSUNG	58320	8000
BABEL_OP1_203_15324_20130512_230228_O5_scripted.sph	15324	20130512	230228	15324	inLine	VIENTIANE	M	CAR_KIT	46	LAOTEL	SAMSUNG	60880	8000
BABEL_OP1_203_15324_20130512_230005_C6_scripted.sph	15324	20130512	230005	15324	inLine	VIENTIANE	M	CAR_KIT	46	LAOTEL	SAMSUNG	67360	8000
BABEL_OP1_203_15324_20130512_225951_D1_scripted.sph	15324	20130512	225951	15324	inLine	VIENTIANE	M	CAR_KIT	46	LAOTEL	SAMSUNG	62960	8000
BABEL_OP1_203_15324_20130512_230204_S2_scripted.sph	15324	20130512	230204	15324	inLine	VIENTIANE	M	CAR_KIT	46	LAOTEL	SAMSUNG	92400	8000
BABEL_OP1_203_15324_20130512_230102_C1_scripted.sph	15324	20130512	230102	15324	inLine	VIENTIANE	M	CAR_KIT	46	LAOTEL	SAMSUNG	54480	8000
BABEL_OP1_203_15324_20130512_230015_T1_scripted.sph	15324	20130512	230015	15324	inLine	VIENTIANE	M	CAR_KIT	46	LAOTEL	SAMSUNG	57040	8000
BABEL_OP1_203_15324_20130512_230313_T2_scripted.sph	15324	20130512	230313	15324	inLine	VIENTIANE	M	CAR_KIT	46	LAOTEL	SAMSUNG	67360	8000
BABEL_OP1_203_15324_20130512_230242_S6_scripted.sph	15324	20130512	230242	15324	inLine	VIENTIANE	M	CAR_KIT	46	LAOTEL	SAMSUNG	100960	8000
BABEL_OP1_203_15324_20130512_230458_S7_scripted.sph	15324	20130512	230458	15324	inLine	VIENTIANE	M	CAR_KIT	46	LAOTEL	SAMSUNG	49680	8000
BABEL_OP1_203_15324_20130512_230253_D3_scripted.sph	15324	20130512	230253	15324	inLine	VIENTIANE	M	CAR_KIT	46	LAOTEL	SAMSUNG	67360	8000
BABEL_OP1_203_15324_20130512_230413_S4_scripted.sph	15324	20130512	230413	15324	inLine	VIENTIANE	M	CAR_KIT	46	LAOTEL	SAMSUNG	100960	8000
BABEL_OP1_203_15324_20130512_230359_A1_scripted.sph	15324	20130512	230359	15324	inLine	VIENTIANE	M	CAR_KIT	46	LAOTEL	SAMSUNG	64400	8000
BABEL_OP1_203_15324_20130512_230337_S3_scripted.sph	15324	20130512	230337	15324	inLine	VIENTIANE	M	CAR_KIT	46	LAOTEL	SAMSUNG	101120	8000
BABEL_OP1_203_15324_20130512_230112_C2_scripted.sph	15324	20130512	230112	15324	inLine	VIENTIANE	M	CAR_KIT	46	LAOTEL	SAMSUNG	67360	8000
BABEL_OP1_203_15324_20130512_230151_O6_scripted.sph	15324	20130512	230151	15324	inLine	VIENTIANE	M	CAR_KIT	46	LAOTEL	SAMSUNG	53520	8000
BABEL_OP1_203_15324_20130512_230023_O2_scripted.sph	15324	20130512	230023	15324	inLine	VIENTIANE	M	CAR_KIT	46	LAOTEL	SAMSUNG	43280	8000
BABEL_OP1_203_15324_20130512_230422_N1_scripted.sph	15324	20130512	230422	15324	inLine	VIENTIANE	M	CAR_KIT	46	LAOTEL	SAMSUNG	54160	8000
BABEL_OP1_203_15324_20130512_230131_C4_scripted.sph	15324	20130512	230131	15324	inLine	VIENTIANE	M	CAR_KIT	46	LAOTEL	SAMSUNG	49840	8000
BABEL_OP1_203_15324_20130512_230348_S1_scripted.sph	15324	20130512	230348	15324	inLine	VIENTIANE	M	CAR_KIT	46	LAOTEL	SAMSUNG	68240	8000
BABEL_OP1_203_15324_20130512_230054_S8_scripted.sph	15324	20130512	230054	15324	inLine	VIENTIANE	M	CAR_KIT	46	LAOTEL	SAMSUNG	97040	8000
BABEL_OP1_203_15324_20130512_225909_O1_scripted.sph	15324	20130512	225909	15324	inLine	VIENTIANE	M	CAR_KIT	46	LAOTEL	SAMSUNG	42000	8000
BABEL_OP1_203_15324_20130512_230507_S9_scripted.sph	15324	20130512	230507	15324	inLine	VIENTIANE	M	CAR_KIT	46	LAOTEL	SAMSUNG	55120	8000
BABEL_OP1_203_15324_20130512_230323_D2_scripted.sph	15324	20130512	230323	15324	inLine	VIENTIANE	M	CAR_KIT	46	LAOTEL	SAMSUNG	67360	8000
BABEL_OP1_203_15324_20130512_230141_M1_scripted.sph	15324	20130512	230141	15324	inLine	VIENTIANE	M	CAR_KIT	46	LAOTEL	SAMSUNG	67360	8000
BABEL_OP1_203_15324_20130512_230507_R1_scripted.sph	15324	20130512	230507	15324	inLine	VIENTIANE	M	CAR_KIT	46	LAOTEL	SAMSUNG	55120	8000
BABEL_OP1_203_15638_20130409_151337_S2_scripted.sph	15638	20130409	151337	15638	inLine	VIENTIANE	F	HOME_OFFICE_MOBILE	53	LAOTEL	SAMSUNG	92880	8000
BABEL_OP1_203_15638_20130409_151022_C6_scripted.sph	15638	20130409	151022	15638	inLine	VIENTIANE	F	HOME_OFFICE_MOBILE	53	LAOTEL	SAMSUNG	58640	8000
BABEL_OP1_203_15638_20130409_151612_S7_scripted.sph	15638	20130409	151612	15638	inLine	VIENTIANE	F	HOME_OFFICE_MOBILE	53	LAOTEL	SAMSUNG	100960	8000
BABEL_OP1_203_15638_20130409_151557_N1_scripted.sph	15638	20130409	151557	15638	inLine	VIENTIANE	F	HOME_OFFICE_MOBILE	53	LAOTEL	SAMSUNG	67360	8000
BABEL_OP1_203_15638_20130409_151313_M1_scripted.sph	15638	20130409	151313	15638	inLine	VIENTIANE	F	HOME_OFFICE_MOBILE	53	LAOTEL	SAMSUNG	67360	8000
BABEL_OP1_203_15638_20130409_151010_D1_scripted.sph	15638	20130409	151010	15638	inLine	VIENTIANE	F	HOME_OFFICE_MOBILE	53	LAOTEL	SAMSUNG	72560	8000
BABEL_OP1_203_15638_20130409_151147_S8_scripted.sph	15638	20130409	151147	15638	inLine	VIENTIANE	F	HOME_OFFICE_MOBILE	53	LAOTEL	SAMSUNG	87280	8000
BABEL_OP1_203_15638_20130409_150918_O8_scripted.sph	15638	20130409	150918	15638	inLine	VIENTIANE	F	HOME_OFFICE_MOBILE	53	LAOTEL	SAMSUNG	40560	8000
BABEL_OP1_203_15638_20130409_151424_D3_scripted.sph	15638	20130409	151424	15638	inLine	VIENTIANE	F	HOME_OFFICE_MOBILE	53	LAOTEL	SAMSUNG	47920	8000
BABEL_OP1_203_15638_20130409_151627_R1_scripted.sph	15638	20130409	151627	15638	inLine	VIENTIANE	F	HOME_OFFICE_MOBILE	53	LAOTEL	SAMSUNG	100960	8000
BABEL_OP1_203_15638_20130409_151528_S1_scripted.sph	15638	20130409	151528	15638	inLine	VIENTIANE	F	HOME_OFFICE_MOBILE	53	LAOTEL	SAMSUNG	93200	8000
BABEL_OP1_203_15638_20130409_151536_A1_scripted.sph	15638	20130409	151536	15638	inLine	VIENTIANE	F	HOME_OFFICE_MOBILE	53	LAOTEL	SAMSUNG	40720	8000
BABEL_OP1_203_15638_20130409_151514_S3_scripted.sph	15638	20130409	151514	15638	inLine	VIENTIANE	F	HOME_OFFICE_MOBILE	53	LAOTEL	SAMSUNG	98320	8000
BABEL_OP1_203_15638_20130409_151500_D2_scripted.sph	15638	20130409	151500	15638	inLine	VIENTIANE	F	HOME_OFFICE_MOBILE	53	LAOTEL	SAMSUNG	67360	8000
BABEL_OP1_203_15638_20130409_151324_O6_scripted.sph	15638	20130409	151324	15638	inLine	VIENTIANE	F	HOME_OFFICE_MOBILE	53	LAOTEL	SAMSUNG	64400	8000
BABEL_OP1_203_15638_20130409_150851_O1_scripted.sph	15638	20130409	150851	15638	inLine	VIENTIANE	F	HOME_OFFICE_MOBILE	53	LAOTEL	SAMSUNG	67360	8000
BABEL_OP1_203_15638_20130409_151416_S6_scripted.sph	15638	20130409	151416	15638	inLine	VIENTIANE	F	HOME_OFFICE_MOBILE	53	LAOTEL	SAMSUNG	69040	8000
BABEL_OP1_203_15638_20130409_151450_T2_scripted.sph	15638	20130409	151450	15638	inLine	VIENTIANE	F	HOME_OFFICE_MOBILE	53	LAOTEL	SAMSUNG	67360	8000
BABEL_OP1_203_15638_20130409_151627_S9_scripted.sph	15638	20130409	151627	15638	inLine	VIENTIANE	F	HOME_OFFICE_MOBILE	53	LAOTEL	SAMSUNG	100960	8000
BABEL_OP1_203_15638_20130409_151251_C4_scripted.sph	15638	20130409	151251	15638	inLine	VIENTIANE	F	HOME_OFFICE_MOBILE	53	LAOTEL	SAMSUNG	61680	8000
BABEL_OP1_203_15638_20130409_151031_T1_scripted.sph	15638	20130409	151031	15638	inLine	VIENTIANE	F	HOME_OFFICE_MOBILE	53	LAOTEL	SAMSUNG	45840	8000
BABEL_OP1_203_15638_20130409_151157_C1_scripted.sph	15638	20130409	151157	15638	inLine	VIENTIANE	F	HOME_OFFICE_MOBILE	53	LAOTEL	SAMSUNG	63120	8000
BABEL_OP1_203_15638_20130409_151233_C2_scripted.sph	15638	20130409	151233	15638	inLine	VIENTIANE	F	HOME_OFFICE_MOBILE	53	LAOTEL	SAMSUNG	67360	8000
BABEL_OP1_203_15638_20130409_151547_S4_scripted.sph	15638	20130409	151547	15638	inLine	VIENTIANE	F	HOME_OFFICE_MOBILE	53	LAOTEL	SAMSUNG	71760	8000
BABEL_OP1_203_15638_20130409_151439_S5_scripted.sph	15638	20130409	151439	15638	inLine	VIENTIANE	F	HOME_OFFICE_MOBILE	53	LAOTEL	SAMSUNG	100960	8000
BABEL_OP1_203_15638_20130409_151346_O5_scripted.sph	15638	20130409	151346	15638	inLine	VIENTIANE	F	HOME_OFFICE_MOBILE	53	LAOTEL	SAMSUNG	48400	8000
BABEL_OP1_203_15638_20130409_151241_O3_scripted.sph	15638	20130409	151241	15638	inLine	VIENTIANE	F	HOME_OFFICE_MOBILE	53	LAOTEL	SAMSUNG	42320	8000
BABEL_OP1_203_15638_20130409_151041_O2_scripted.sph	15638	20130409	151041	15638	inLine	VIENTIANE	F	HOME_OFFICE_MOBILE	53	LAOTEL	SAMSUNG	59040	8000
BABEL_OP1_203_17115_20130425_181202_T2_scripted.sph	17115	20130425	181202	17115	inLine	VIENTIANE	M	CAR_KIT	33	LAOTEL	NOKIA	59760	8000
BABEL_OP1_203_17115_20130425_181413_S7_scripted.sph	17115	20130425	181413	17115	inLine	VIENTIANE	M	CAR_KIT	33	LAOTEL	NOKIA	53520	8000
BABEL_OP1_203_17115_20130425_180823_C6_scripted.sph	17115	20130425	180823	17115	inLine	VIENTIANE	M	CAR_KIT	33	LAOTEL	NOKIA	63120	8000
BABEL_OP1_203_17115_20130425_181007_M1_scripted.sph	17115	20130425	181007	17115	inLine	VIENTIANE	M	CAR_KIT	33	LAOTEL	NOKIA	67360	8000
BABEL_OP1_203_17115_20130425_181331_A1_scripted.sph	17115	20130425	181331	17115	inLine	VIENTIANE	M	CAR_KIT	33	LAOTEL	NOKIA	40240	8000
BABEL_OP1_203_17115_20130425_181028_S2_scripted.sph	17115	20130425	181028	17115	inLine	VIENTIANE	M	CAR_KIT	33	LAOTEL	NOKIA	88080	8000
BABEL_OP1_203_17115_20130425_180730_D1_scripted.sph	17115	20130425	180730	17115	inLine	VIENTIANE	M	CAR_KIT	33	LAOTEL	NOKIA	63440	8000
BABEL_OP1_203_17115_20130425_181225_D2_scripted.sph	17115	20130425	181225	17115	inLine	VIENTIANE	M	CAR_KIT	33	LAOTEL	NOKIA	67360	8000
BABEL_OP1_203_17115_20130425_180708_O1_scripted.sph	17115	20130425	180708	17115	inLine	VIENTIANE	M	CAR_KIT	33	LAOTEL	NOKIA	45040	8000
BABEL_OP1_203_17115_20130425_181053_D3_scripted.sph	17115	20130425	181053	17115	inLine	VIENTIANE	M	CAR_KIT	33	LAOTEL	NOKIA	47120	8000
BABEL_OP1_203_17115_20130425_180925_C2_scripted.sph	17115	20130425	180925	17115	inLine	VIENTIANE	M	CAR_KIT	33	LAOTEL	NOKIA	59760	8000
BABEL_OP1_203_17115_20130425_180833_T1_scripted.sph	17115	20130425	180833	17115	inLine	VIENTIANE	M	CAR_KIT	33	LAOTEL	NOKIA	53040	8000
BABEL_OP1_203_17115_20130425_180907_S8_scripted.sph	17115	20130425	180907	17115	inLine	VIENTIANE	M	CAR_KIT	33	LAOTEL	NOKIA	60720	8000
BABEL_OP1_203_17115_20130425_181106_S5_scripted.sph	17115	20130425	181106	17115	inLine	VIENTIANE	M	CAR_KIT	33	LAOTEL	NOKIA	88720	8000
BABEL_OP1_203_17115_20130425_181045_S6_scripted.sph	17115	20130425	181045	17115	inLine	VIENTIANE	M	CAR_KIT	33	LAOTEL	NOKIA	58320	8000
BABEL_OP1_203_17115_20130425_180932_O3_scripted.sph	17115	20130425	180932	17115	inLine	VIENTIANE	M	CAR_KIT	33	LAOTEL	NOKIA	44240	8000
BABEL_OP1_203_17115_20130425_181422_R1_scripted.sph	17115	20130425	181422	17115	inLine	VIENTIANE	M	CAR_KIT	33	LAOTEL	NOKIA	56880	8000
BABEL_OP1_203_17115_20130425_181422_S9_scripted.sph	17115	20130425	181422	17115	inLine	VIENTIANE	M	CAR_KIT	33	LAOTEL	NOKIA	56880	8000
BABEL_OP1_203_17115_20130425_180943_C4_scripted.sph	17115	20130425	180943	17115	inLine	VIENTIANE	M	CAR_KIT	33	LAOTEL	NOKIA	66400	8000
BABEL_OP1_203_17115_20130425_181313_S1_scripted.sph	17115	20130425	181313	17115	inLine	VIENTIANE	M	CAR_KIT	33	LAOTEL	NOKIA	50640	8000
BABEL_OP1_203_17115_20130425_181015_O6_scripted.sph	17115	20130425	181015	17115	inLine	VIENTIANE	M	CAR_KIT	33	LAOTEL	NOKIA	44560	8000
BABEL_OP1_203_17115_20130425_181354_S4_scripted.sph	17115	20130425	181354	17115	inLine	VIENTIANE	M	CAR_KIT	33	LAOTEL	NOKIA	47920	8000
BABEL_OP1_203_17115_20130425_181035_O5_scripted.sph	17115	20130425	181035	17115	inLine	VIENTIANE	M	CAR_KIT	33	LAOTEL	NOKIA	43760	8000
BABEL_OP1_203_17115_20130425_181404_N1_scripted.sph	17115	20130425	181404	17115	inLine	VIENTIANE	M	CAR_KIT	33	LAOTEL	NOKIA	61840	8000
BABEL_OP1_203_17115_20130425_181250_S3_scripted.sph	17115	20130425	181250	17115	inLine	VIENTIANE	M	CAR_KIT	33	LAOTEL	NOKIA	50320	8000
BABEL_OP1_203_17115_20130425_180719_O8_scripted.sph	17115	20130425	180719	17115	inLine	VIENTIANE	M	CAR_KIT	33	LAOTEL	NOKIA	45680	8000
BABEL_OP1_203_17115_20130425_180915_C1_scripted.sph	17115	20130425	180915	17115	inLine	VIENTIANE	M	CAR_KIT	33	LAOTEL	NOKIA	47440	8000
BABEL_OP1_203_17115_20130425_180842_O2_scripted.sph	17115	20130425	180842	17115	inLine	VIENTIANE	M	CAR_KIT	33	LAOTEL	NOKIA	46640	8000
BABEL_OP1_203_17751_20130512_153005_S5_scripted.sph	17751	20130512	153005	17751	inLine	VIENTIANE	M	VEHICLE	46	LAOTEL	SAMSUNG	101120	8000
BABEL_OP1_203_17751_20130512_153158_S9_scripted.sph	17751	20130512	153158	17751	inLine	VIENTIANE	M	VEHICLE	46	LAOTEL	SAMSUNG	59440	8000
BABEL_OP1_203_17751_20130512_152925_O5_scripted.sph	17751	20130512	152925	17751	inLine	VIENTIANE	M	VEHICLE	46	LAOTEL	SAMSUNG	62160	8000
BABEL_OP1_203_17751_20130512_152803_O3_scripted.sph	17751	20130512	152803	17751	inLine	VIENTIANE	M	VEHICLE	46	LAOTEL	SAMSUNG	51920	8000
BABEL_OP1_203_17751_20130512_153149_S7_scripted.sph	17751	20130512	153149	17751	inLine	VIENTIANE	M	VEHICLE	46	LAOTEL	SAMSUNG	101120	8000
BABEL_OP1_203_17751_20130512_153040_S3_scripted.sph	17751	20130512	153040	17751	inLine	VIENTIANE	M	VEHICLE	46	LAOTEL	SAMSUNG	101120	8000
BABEL_OP1_203_17751_20130512_152755_C2_scripted.sph	17751	20130512	152755	17751	inLine	VIENTIANE	M	VEHICLE	46	LAOTEL	SAMSUNG	65040	8000
BABEL_OP1_203_17751_20130512_152940_S6_scripted.sph	17751	20130512	152940	17751	inLine	VIENTIANE	M	VEHICLE	46	LAOTEL	SAMSUNG	100960	8000
BABEL_OP1_203_17751_20130512_153134_N1_scripted.sph	17751	20130512	153134	17751	inLine	VIENTIANE	M	VEHICLE	46	LAOTEL	SAMSUNG	63440	8000
BABEL_OP1_203_17751_20130512_152900_S2_scripted.sph	17751	20130512	152900	17751	inLine	VIENTIANE	M	VEHICLE	46	LAOTEL	SAMSUNG	95280	8000
BABEL_OP1_203_17751_20130512_152845_O6_scripted.sph	17751	20130512	152845	17751	inLine	VIENTIANE	M	VEHICLE	46	LAOTEL	SAMSUNG	67360	8000
BABEL_OP1_203_17751_20130512_152705_O2_scripted.sph	17751	20130512	152705	17751	inLine	VIENTIANE	M	VEHICLE	46	LAOTEL	SAMSUNG	58880	8000
BABEL_OP1_203_17751_20130512_153025_D2_scripted.sph	17751	20130512	153025	17751	inLine	VIENTIANE	M	VEHICLE	46	LAOTEL	SAMSUNG	67360	8000
BABEL_OP1_203_17751_20130512_152812_C4_scripted.sph	17751	20130512	152812	17751	inLine	VIENTIANE	M	VEHICLE	46	LAOTEL	SAMSUNG	49360	8000
BABEL_OP1_203_17751_20130512_153055_S1_scripted.sph	17751	20130512	153055	17751	inLine	VIENTIANE	M	VEHICLE	46	LAOTEL	SAMSUNG	100960	8000
BABEL_OP1_203_17751_20130512_153158_R1_scripted.sph	17751	20130512	153158	17751	inLine	VIENTIANE	M	VEHICLE	46	LAOTEL	SAMSUNG	59440	8000
BABEL_OP1_203_17751_20130512_153109_A1_scripted.sph	17751	20130512	153109	17751	inLine	VIENTIANE	M	VEHICLE	46	LAOTEL	SAMSUNG	100960	8000
BABEL_OP1_203_17751_20130512_152736_S8_scripted.sph	17751	20130512	152736	17751	inLine	VIENTIANE	M	VEHICLE	46	LAOTEL	SAMSUNG	100960	8000
BABEL_OP1_203_17751_20130512_153015_T2_scripted.sph	17751	20130512	153015	17751	inLine	VIENTIANE	M	VEHICLE	46	LAOTEL	SAMSUNG	67360	8000
BABEL_OP1_203_17751_20130512_152655_T1_scripted.sph	17751	20130512	152655	17751	inLine	VIENTIANE	M	VEHICLE	46	LAOTEL	SAMSUNG	43920	8000
BABEL_OP1_203_17751_20130512_152745_C1_scripted.sph	17751	20130512	152745	17751	inLine	VIENTIANE	M	VEHICLE	46	LAOTEL	SAMSUNG	54960	8000
BABEL_OP1_203_17751_20130512_152950_D3_scripted.sph	17751	20130512	152950	17751	inLine	VIENTIANE	M	VEHICLE	46	LAOTEL	SAMSUNG	64560	8000
BABEL_OP1_203_17751_20130512_152634_D1_scripted.sph	17751	20130512	152634	17751	inLine	VIENTIANE	M	VEHICLE	46	LAOTEL	SAMSUNG	100160	8000
BABEL_OP1_203_17751_20130512_152822_M1_scripted.sph	17751	20130512	152822	17751	inLine	VIENTIANE	M	VEHICLE	46	LAOTEL	SAMSUNG	67200	8000
BABEL_OP1_203_17751_20130512_153124_S4_scripted.sph	17751	20130512	153124	17751	inLine	VIENTIANE	M	VEHICLE	46	LAOTEL	SAMSUNG	101120	8000
BABEL_OP1_203_17751_20130512_152647_C6_scripted.sph	17751	20130512	152647	17751	inLine	VIENTIANE	M	VEHICLE	46	LAOTEL	SAMSUNG	67360	8000
BABEL_OP1_203_17751_20130512_152618_O8_scripted.sph	17751	20130512	152618	17751	inLine	VIENTIANE	M	VEHICLE	46	LAOTEL	SAMSUNG	67360	8000
BABEL_OP1_203_17751_20130512_152605_O1_scripted.sph	17751	20130512	152605	17751	inLine	VIENTIANE	M	VEHICLE	46	LAOTEL	SAMSUNG	67360	8000
BABEL_OP1_203_17914_20130503_222020_O5_scripted.sph	17914	20130503	222020	17914	inLine	VIENTIANE	F	HOME_OFFICE_LANDLINE	58	LAOTEL	LG	67360	8000
BABEL_OP1_203_17914_20130503_223318_S4_scripted.sph	17914	20130503	223318	17914	inLine	VIENTIANE	F	HOME_OFFICE_LANDLINE	58	LAOTEL	LG	101120	8000
BABEL_OP1_203_17914_20130503_224508_S9_scripted.sph	17914	20130503	224508	17914	inLine	VIENTIANE	F	HOME_OFFICE_LANDLINE	58	LAOTEL	LG	92720	8000
BABEL_OP1_203_17914_20130503_221257_C1_scripted.sph	17914	20130503	221257	17914	inLine	VIENTIANE	F	HOME_OFFICE_LANDLINE	58	LAOTEL	LG	54000	8000
BABEL_OP1_203_17914_20130503_222735_S3_scripted.sph	17914	20130503	222735	17914	inLine	VIENTIANE	F	HOME_OFFICE_LANDLINE	58	LAOTEL	LG	62000	8000
BABEL_OP1_203_17914_20130503_220438_O1_scripted.sph	17914	20130503	220438	17914	inLine	VIENTIANE	F	HOME_OFFICE_LANDLINE	58	LAOTEL	LG	67360	8000
BABEL_OP1_203_17914_20130503_220906_T1_scripted.sph	17914	20130503	220906	17914	inLine	VIENTIANE	F	HOME_OFFICE_LANDLINE	58	LAOTEL	LG	34160	8000
BABEL_OP1_203_17914_20130503_222650_D2_scripted.sph	17914	20130503	222650	17914	inLine	VIENTIANE	F	HOME_OFFICE_LANDLINE	58	LAOTEL	LG	67360	8000
BABEL_OP1_203_17914_20130503_223055_A1_scripted.sph	17914	20130503	223055	17914	inLine	VIENTIANE	F	HOME_OFFICE_LANDLINE	58	LAOTEL	LG	68240	8000
BABEL_OP1_203_17914_20130503_220526_D1_scripted.sph	17914	20130503	220526	17914	inLine	VIENTIANE	F	HOME_OFFICE_LANDLINE	58	LAOTEL	LG	74640	8000
BABEL_OP1_203_17914_20130503_222046_S6_scripted.sph	17914	20130503	222046	17914	inLine	VIENTIANE	F	HOME_OFFICE_LANDLINE	58	LAOTEL	LG	52560	8000
BABEL_OP1_203_17914_20130503_221443_C2_scripted.sph	17914	20130503	221443	17914	inLine	VIENTIANE	F	HOME_OFFICE_LANDLINE	58	LAOTEL	LG	67360	8000
BABEL_OP1_203_17914_20130503_224120_N1_scripted.sph	17914	20130503	224120	17914	inLine	VIENTIANE	F	HOME_OFFICE_LANDLINE	58	LAOTEL	LG	61200	8000
BABEL_OP1_203_17914_20130503_220843_C6_scripted.sph	17914	20130503	220843	17914	inLine	VIENTIANE	F	HOME_OFFICE_LANDLINE	58	LAOTEL	LG	66720	8000
BABEL_OP1_203_17914_20130503_224508_R1_scripted.sph	17914	20130503	224508	17914	inLine	VIENTIANE	F	HOME_OFFICE_LANDLINE	58	LAOTEL	LG	92720	8000
BABEL_OP1_203_17914_20130503_221502_O3_scripted.sph	17914	20130503	221502	17914	inLine	VIENTIANE	F	HOME_OFFICE_LANDLINE	58	LAOTEL	LG	30160	8000
BABEL_OP1_203_17914_20130503_223023_S1_scripted.sph	17914	20130503	223023	17914	inLine	VIENTIANE	F	HOME_OFFICE_LANDLINE	58	LAOTEL	LG	72880	8000
BABEL_OP1_203_17914_20130503_224454_S7_scripted.sph	17914	20130503	224454	17914	inLine	VIENTIANE	F	HOME_OFFICE_LANDLINE	58	LAOTEL	LG	101120	8000
BABEL_OP1_203_17914_20130503_222413_S5_scripted.sph	17914	20130503	222413	17914	inLine	VIENTIANE	F	HOME_OFFICE_LANDLINE	58	LAOTEL	LG	100960	8000
BABEL_OP1_203_17914_20130503_221921_S2_scripted.sph	17914	20130503	221921	17914	inLine	VIENTIANE	F	HOME_OFFICE_LANDLINE	58	LAOTEL	LG	97360	8000
BABEL_OP1_203_17914_20130503_220451_O8_scripted.sph	17914	20130503	220451	17914	inLine	VIENTIANE	F	HOME_OFFICE_LANDLINE	58	LAOTEL	LG	67360	8000
BABEL_OP1_203_17914_20130503_222518_T2_scripted.sph	17914	20130503	222518	17914	inLine	VIENTIANE	F	HOME_OFFICE_LANDLINE	58	LAOTEL	LG	58960	8000
BABEL_OP1_203_17914_20130503_222112_D3_scripted.sph	17914	20130503	222112	17914	inLine	VIENTIANE	F	HOME_OFFICE_LANDLINE	58	LAOTEL	LG	67360	8000
BABEL_OP1_203_17914_20130503_221641_O6_scripted.sph	17914	20130503	221641	17914	inLine	VIENTIANE	F	HOME_OFFICE_LANDLINE	58	LAOTEL	LG	46960	8000
BABEL_OP1_203_17914_20130503_221234_S8_scripted.sph	17914	20130503	221234	17914	inLine	VIENTIANE	F	HOME_OFFICE_LANDLINE	58	LAOTEL	LG	94480	8000
BABEL_OP1_203_17914_20130503_220916_O2_scripted.sph	17914	20130503	220916	17914	inLine	VIENTIANE	F	HOME_OFFICE_LANDLINE	58	LAOTEL	LG	58880	8000
BABEL_OP1_203_17914_20130503_221617_M1_scripted.sph	17914	20130503	221617	17914	inLine	VIENTIANE	F	HOME_OFFICE_LANDLINE	58	LAOTEL	LG	47600	8000
BABEL_OP1_203_17914_20130503_221533_C4_scripted.sph	17914	20130503	221533	17914	inLine	VIENTIANE	F	HOME_OFFICE_LANDLINE	58	LAOTEL	LG	67360	8000
BABEL_OP1_203_17923_20130314_203958_C1_scripted.sph	17923	20130314	203958	17923	inLine	VIENTIANE	F	CAR_KIT	17	LAOTEL	NOKIA	57680	8000
BABEL_OP1_203_17923_20130314_204043_O3_scripted.sph	17923	20130314	204043	17923	inLine	VIENTIANE	F	CAR_KIT	17	LAOTEL	NOKIA	48720	8000
BABEL_OP1_203_17923_20130314_204103_M1_scripted.sph	17923	20130314	204103	17923	inLine	VIENTIANE	F	CAR_KIT	17	LAOTEL	NOKIA	62000	8000
BABEL_OP1_203_17923_20130314_204251_D2_scripted.sph	17923	20130314	204251	17923	inLine	VIENTIANE	F	CAR_KIT	17	LAOTEL	NOKIA	67360	8000
BABEL_OP1_203_17923_20130314_204232_S5_scripted.sph	17923	20130314	204232	17923	inLine	VIENTIANE	F	CAR_KIT	17	LAOTEL	NOKIA	71280	8000
BABEL_OP1_203_17923_20130314_204359_A1_scripted.sph	17923	20130314	204359	17923	inLine	VIENTIANE	F	CAR_KIT	17	LAOTEL	NOKIA	41360	8000
BABEL_OP1_203_17923_20130314_204204_D3_scripted.sph	17923	20130314	204204	17923	inLine	VIENTIANE	F	CAR_KIT	17	LAOTEL	NOKIA	67360	8000
BABEL_OP1_203_17923_20130314_204352_S1_scripted.sph	17923	20130314	204352	17923	inLine	VIENTIANE	F	CAR_KIT	17	LAOTEL	NOKIA	100960	8000
BABEL_OP1_203_17923_20130314_204241_T2_scripted.sph	17923	20130314	204241	17923	inLine	VIENTIANE	F	CAR_KIT	17	LAOTEL	NOKIA	54160	8000
BABEL_OP1_203_17923_20130314_204445_S9_scripted.sph	17923	20130314	204445	17923	inLine	VIENTIANE	F	CAR_KIT	17	LAOTEL	NOKIA	65360	8000
BABEL_OP1_203_17923_20130314_204435_S7_scripted.sph	17923	20130314	204435	17923	inLine	VIENTIANE	F	CAR_KIT	17	LAOTEL	NOKIA	87440	8000
BABEL_OP1_203_17923_20130314_203949_S8_scripted.sph	17923	20130314	203949	17923	inLine	VIENTIANE	F	CAR_KIT	17	LAOTEL	NOKIA	67920	8000
BABEL_OP1_203_17923_20130314_203831_O1_scripted.sph	17923	20130314	203831	17923	inLine	VIENTIANE	F	CAR_KIT	17	LAOTEL	NOKIA	38960	8000
BABEL_OP1_203_17923_20130314_204035_C2_scripted.sph	17923	20130314	204035	17923	inLine	VIENTIANE	F	CAR_KIT	17	LAOTEL	NOKIA	67360	8000
BABEL_OP1_203_17923_20130314_203840_O8_scripted.sph	17923	20130314	203840	17923	inLine	VIENTIANE	F	CAR_KIT	17	LAOTEL	NOKIA	37360	8000
BABEL_OP1_203_17923_20130314_203922_O2_scripted.sph	17923	20130314	203922	17923	inLine	VIENTIANE	F	CAR_KIT	17	LAOTEL	NOKIA	36240	8000
BABEL_OP1_203_17923_20130314_203915_T1_scripted.sph	17923	20130314	203915	17923	inLine	VIENTIANE	F	CAR_KIT	17	LAOTEL	NOKIA	43280	8000
BABEL_OP1_203_17923_20130314_204413_S4_scripted.sph	17923	20130314	204413	17923	inLine	VIENTIANE	F	CAR_KIT	17	LAOTEL	NOKIA	95120	8000
BABEL_OP1_203_17923_20130314_204142_O5_scripted.sph	17923	20130314	204142	17923	inLine	VIENTIANE	F	CAR_KIT	17	LAOTEL	NOKIA	47760	8000
BABEL_OP1_203_17923_20130314_204125_O6_scripted.sph	17923	20130314	204125	17923	inLine	VIENTIANE	F	CAR_KIT	17	LAOTEL	NOKIA	55440	8000
BABEL_OP1_203_17923_20130314_203853_D1_scripted.sph	17923	20130314	203853	17923	inLine	VIENTIANE	F	CAR_KIT	17	LAOTEL	NOKIA	78320	8000
BABEL_OP1_203_17923_20130314_204422_N1_scripted.sph	17923	20130314	204422	17923	inLine	VIENTIANE	F	CAR_KIT	17	LAOTEL	NOKIA	48560	8000
BABEL_OP1_203_17923_20130314_204320_S3_scripted.sph	17923	20130314	204320	17923	inLine	VIENTIANE	F	CAR_KIT	17	LAOTEL	NOKIA	70960	8000
BABEL_OP1_203_17923_20130314_204154_S6_scripted.sph	17923	20130314	204154	17923	inLine	VIENTIANE	F	CAR_KIT	17	LAOTEL	NOKIA	73680	8000
BABEL_OP1_203_17923_20130314_204053_C4_scripted.sph	17923	20130314	204053	17923	inLine	VIENTIANE	F	CAR_KIT	17	LAOTEL	NOKIA	67360	8000
BABEL_OP1_203_17923_20130314_203907_C6_scripted.sph	17923	20130314	203907	17923	inLine	VIENTIANE	F	CAR_KIT	17	LAOTEL	NOKIA	67360	8000
BABEL_OP1_203_17923_20130314_204134_S2_scripted.sph	17923	20130314	204134	17923	inLine	VIENTIANE	F	CAR_KIT	17	LAOTEL	NOKIA	57520	8000
BABEL_OP1_203_17923_20130314_204445_R1_scripted.sph	17923	20130314	204445	17923	inLine	VIENTIANE	F	CAR_KIT	17	LAOTEL	NOKIA	65360	8000
BABEL_OP1_203_20682_20130406_195420_O1_scripted.sph	20682	20130406	195420	20682	inLine	VIENTIANE	F	CAR_KIT	18	LAOTEL	NOKIA	47600	8000
BABEL_OP1_203_20682_20130406_195454_C6_scripted.sph	20682	20130406	195454	20682	inLine	VIENTIANE	F	CAR_KIT	18	LAOTEL	NOKIA	67200	8000
BABEL_OP1_203_20682_20130406_195543_S8_scripted.sph	20682	20130406	195543	20682	inLine	VIENTIANE	F	CAR_KIT	18	LAOTEL	NOKIA	100960	8000
BABEL_OP1_203_20682_20130406_195725_D3_scripted.sph	20682	20130406	195725	20682	inLine	VIENTIANE	F	CAR_KIT	18	LAOTEL	NOKIA	41680	8000
BABEL_OP1_203_20682_20130406_195847_N1_scripted.sph	20682	20130406	195847	20682	inLine	VIENTIANE	F	CAR_KIT	18	LAOTEL	NOKIA	55120	8000
BABEL_OP1_203_20682_20130406_195828_A1_scripted.sph	20682	20130406	195828	20682	inLine	VIENTIANE	F	CAR_KIT	18	LAOTEL	NOKIA	39440	8000
BABEL_OP1_203_20682_20130406_195430_O8_scripted.sph	20682	20130406	195430	20682	inLine	VIENTIANE	F	CAR_KIT	18	LAOTEL	NOKIA	37520	8000
BABEL_OP1_203_20682_20130406_195717_S6_scripted.sph	20682	20130406	195717	20682	inLine	VIENTIANE	F	CAR_KIT	18	LAOTEL	NOKIA	76560	8000
BABEL_OP1_203_20682_20130406_195746_T2_scripted.sph	20682	20130406	195746	20682	inLine	VIENTIANE	F	CAR_KIT	18	LAOTEL	NOKIA	57200	8000
BABEL_OP1_203_20682_20130406_195609_O3_scripted.sph	20682	20130406	195609	20682	inLine	VIENTIANE	F	CAR_KIT	18	LAOTEL	NOKIA	41520	8000
BABEL_OP1_203_20682_20130406_195906_R1_scripted.sph	20682	20130406	195906	20682	inLine	VIENTIANE	F	CAR_KIT	18	LAOTEL	NOKIA	54800	8000
BABEL_OP1_203_20682_20130406_195821_S1_scripted.sph	20682	20130406	195821	20682	inLine	VIENTIANE	F	CAR_KIT	18	LAOTEL	NOKIA	83760	8000
BABEL_OP1_203_20682_20130406_195440_D1_scripted.sph	20682	20130406	195440	20682	inLine	VIENTIANE	F	CAR_KIT	18	LAOTEL	NOKIA	55760	8000
BABEL_OP1_203_20682_20130406_195755_D2_scripted.sph	20682	20130406	195755	20682	inLine	VIENTIANE	F	CAR_KIT	18	LAOTEL	NOKIA	57840	8000
BABEL_OP1_203_20682_20130406_195635_O6_scripted.sph	20682	20130406	195635	20682	inLine	VIENTIANE	F	CAR_KIT	18	LAOTEL	NOKIA	48880	8000
BABEL_OP1_203_20682_20130406_195626_M1_scripted.sph	20682	20130406	195626	20682	inLine	VIENTIANE	F	CAR_KIT	18	LAOTEL	NOKIA	48080	8000
BABEL_OP1_203_20682_20130406_195552_C1_scripted.sph	20682	20130406	195552	20682	inLine	VIENTIANE	F	CAR_KIT	18	LAOTEL	NOKIA	57040	8000
BABEL_OP1_203_20682_20130406_195504_T1_scripted.sph	20682	20130406	195504	20682	inLine	VIENTIANE	F	CAR_KIT	18	LAOTEL	NOKIA	61040	8000
BABEL_OP1_203_20682_20130406_195808_S3_scripted.sph	20682	20130406	195808	20682	inLine	VIENTIANE	F	CAR_KIT	18	LAOTEL	NOKIA	85200	8000
BABEL_OP1_203_20682_20130406_195906_S9_scripted.sph	20682	20130406	195906	20682	inLine	VIENTIANE	F	CAR_KIT	18	LAOTEL	NOKIA	54800	8000
BABEL_OP1_203_20682_20130406_195857_S7_scripted.sph	20682	20130406	195857	20682	inLine	VIENTIANE	F	CAR_KIT	18	LAOTEL	NOKIA	63120	8000
BABEL_OP1_203_20682_20130406_195705_O5_scripted.sph	20682	20130406	195705	20682	inLine	VIENTIANE	F	CAR_KIT	18	LAOTEL	NOKIA	45520	8000
BABEL_OP1_203_20682_20130406_195618_C4_scripted.sph	20682	20130406	195618	20682	inLine	VIENTIANE	F	CAR_KIT	18	LAOTEL	NOKIA	52720	8000
BABEL_OP1_203_20682_20130406_195658_S2_scripted.sph	20682	20130406	195658	20682	inLine	VIENTIANE	F	CAR_KIT	18	LAOTEL	NOKIA	55600	8000
BABEL_OP1_203_20682_20130406_195838_S4_scripted.sph	20682	20130406	195838	20682	inLine	VIENTIANE	F	CAR_KIT	18	LAOTEL	NOKIA	57200	8000
BABEL_OP1_203_20682_20130406_195737_S5_scripted.sph	20682	20130406	195737	20682	inLine	VIENTIANE	F	CAR_KIT	18	LAOTEL	NOKIA	76720	8000
BABEL_OP1_203_20682_20130406_195602_C2_scripted.sph	20682	20130406	195602	20682	inLine	VIENTIANE	F	CAR_KIT	18	LAOTEL	NOKIA	67360	8000
BABEL_OP1_203_20682_20130406_195512_O2_scripted.sph	20682	20130406	195512	20682	inLine	VIENTIANE	F	CAR_KIT	18	LAOTEL	NOKIA	41680	8000
BABEL_OP1_203_22624_20130403_192221_T1_scripted.sph	22624	20130403	192221	22624	inLine	VIENTIANE	M	HOME_OFFICE_MOBILE	35	LAOTEL	SAMSUNG	51760	8000
BABEL_OP1_203_22624_20130403_192535_S1_scripted.sph	22624	20130403	192535	22624	inLine	VIENTIANE	M	HOME_OFFICE_MOBILE	35	LAOTEL	SAMSUNG	83440	8000
BABEL_OP1_203_22624_20130403_192411_O5_scripted.sph	22624	20130403	192411	22624	inLine	VIENTIANE	M	HOME_OFFICE_MOBILE	35	LAOTEL	SAMSUNG	50160	8000
BABEL_OP1_203_22624_20130403_192132_O1_scripted.sph	22624	20130403	192132	22624	inLine	VIENTIANE	M	HOME_OFFICE_MOBILE	35	LAOTEL	SAMSUNG	46160	8000
BABEL_OP1_203_22624_20130403_192212_C6_scripted.sph	22624	20130403	192212	22624	inLine	VIENTIANE	M	HOME_OFFICE_MOBILE	35	LAOTEL	SAMSUNG	52880	8000
BABEL_OP1_203_22624_20130403_192334_C4_scripted.sph	22624	20130403	192334	22624	inLine	VIENTIANE	M	HOME_OFFICE_MOBILE	35	LAOTEL	SAMSUNG	52240	8000
BABEL_OP1_203_22624_20130403_192352_O6_scripted.sph	22624	20130403	192352	22624	inLine	VIENTIANE	M	HOME_OFFICE_MOBILE	35	LAOTEL	SAMSUNG	58480	8000
BABEL_OP1_203_22624_20130403_192308_C1_scripted.sph	22624	20130403	192308	22624	inLine	VIENTIANE	M	HOME_OFFICE_MOBILE	35	LAOTEL	SAMSUNG	54640	8000
BABEL_OP1_203_22624_20130403_192259_S8_scripted.sph	22624	20130403	192259	22624	inLine	VIENTIANE	M	HOME_OFFICE_MOBILE	35	LAOTEL	SAMSUNG	80080	8000
BABEL_OP1_203_22624_20130403_192318_C2_scripted.sph	22624	20130403	192318	22624	inLine	VIENTIANE	M	HOME_OFFICE_MOBILE	35	LAOTEL	SAMSUNG	67360	8000
BABEL_OP1_203_22624_20130403_192144_O8_scripted.sph	22624	20130403	192144	22624	inLine	VIENTIANE	M	HOME_OFFICE_MOBILE	35	LAOTEL	SAMSUNG	55600	8000
BABEL_OP1_203_22624_20130403_192553_S4_scripted.sph	22624	20130403	192553	22624	inLine	VIENTIANE	M	HOME_OFFICE_MOBILE	35	LAOTEL	SAMSUNG	68080	8000
BABEL_OP1_203_22624_20130403_192432_D3_scripted.sph	22624	20130403	192432	22624	inLine	VIENTIANE	M	HOME_OFFICE_MOBILE	35	LAOTEL	SAMSUNG	35920	8000
BABEL_OP1_203_22624_20130403_192542_A1_scripted.sph	22624	20130403	192542	22624	inLine	VIENTIANE	M	HOME_OFFICE_MOBILE	35	LAOTEL	SAMSUNG	38960	8000
BABEL_OP1_203_22624_20130403_192739_S9_scripted.sph	22624	20130403	192739	22624	inLine	VIENTIANE	M	HOME_OFFICE_MOBILE	35	LAOTEL	SAMSUNG	100960	8000
BABEL_OP1_203_22624_20130403_192343_M1_scripted.sph	22624	20130403	192343	22624	inLine	VIENTIANE	M	HOME_OFFICE_MOBILE	35	LAOTEL	SAMSUNG	50480	8000
BABEL_OP1_203_22624_20130403_192325_O3_scripted.sph	22624	20130403	192325	22624	inLine	VIENTIANE	M	HOME_OFFICE_MOBILE	35	LAOTEL	SAMSUNG	41840	8000
BABEL_OP1_203_22624_20130403_192648_N1_scripted.sph	22624	20130403	192648	22624	inLine	VIENTIANE	M	HOME_OFFICE_MOBILE	35	LAOTEL	SAMSUNG	67360	8000
BABEL_OP1_203_22624_20130403_192231_O2_scripted.sph	22624	20130403	192231	22624	inLine	VIENTIANE	M	HOME_OFFICE_MOBILE	35	LAOTEL	SAMSUNG	58880	8000
BABEL_OP1_203_22624_20130403_192739_R1_scripted.sph	22624	20130403	192739	22624	inLine	VIENTIANE	M	HOME_OFFICE_MOBILE	35	LAOTEL	SAMSUNG	100960	8000
BABEL_OP1_203_22624_20130403_192511_D2_scripted.sph	22624	20130403	192511	22624	inLine	VIENTIANE	M	HOME_OFFICE_MOBILE	35	LAOTEL	SAMSUNG	22160	8000
BABEL_OP1_203_22624_20130403_192403_S2_scripted.sph	22624	20130403	192403	22624	inLine	VIENTIANE	M	HOME_OFFICE_MOBILE	35	LAOTEL	SAMSUNG	64240	8000
BABEL_OP1_203_22624_20130403_192447_S5_scripted.sph	22624	20130403	192447	22624	inLine	VIENTIANE	M	HOME_OFFICE_MOBILE	35	LAOTEL	SAMSUNG	101120	8000
BABEL_OP1_203_22624_20130403_192200_D1_scripted.sph	22624	20130403	192200	22624	inLine	VIENTIANE	M	HOME_OFFICE_MOBILE	35	LAOTEL	SAMSUNG	101120	8000
BABEL_OP1_203_22624_20130403_192426_S6_scripted.sph	22624	20130403	192426	22624	inLine	VIENTIANE	M	HOME_OFFICE_MOBILE	35	LAOTEL	SAMSUNG	100960	8000
BABEL_OP1_203_22624_20130403_192456_T2_scripted.sph	22624	20130403	192456	22624	inLine	VIENTIANE	M	HOME_OFFICE_MOBILE	35	LAOTEL	SAMSUNG	57840	8000
BABEL_OP1_203_22624_20130403_192522_S3_scripted.sph	22624	20130403	192522	22624	inLine	VIENTIANE	M	HOME_OFFICE_MOBILE	35	LAOTEL	SAMSUNG	68720	8000
BABEL_OP1_203_22624_20130403_192724_S7_scripted.sph	22624	20130403	192724	22624	inLine	VIENTIANE	M	HOME_OFFICE_MOBILE	35	LAOTEL	SAMSUNG	94480	8000
BABEL_OP1_203_24270_20130329_154550_D2_scripted.sph	24270	20130329	154550	24270	inLine	VIENTIANE	M	STREET	46	LAOTEL	NOKIA	60720	8000
BABEL_OP1_203_24270_20130329_154332_C4_scripted.sph	24270	20130329	154332	24270	inLine	VIENTIANE	M	STREET	46	LAOTEL	NOKIA	52240	8000
BABEL_OP1_203_24270_20130329_154226_O2_scripted.sph	24270	20130329	154226	24270	inLine	VIENTIANE	M	STREET	46	LAOTEL	NOKIA	55280	8000
BABEL_OP1_203_24270_20130329_154205_C6_scripted.sph	24270	20130329	154205	24270	inLine	VIENTIANE	M	STREET	46	LAOTEL	NOKIA	67360	8000
BABEL_OP1_203_24270_20130329_154458_O5_scripted.sph	24270	20130329	154458	24270	inLine	VIENTIANE	M	STREET	46	LAOTEL	NOKIA	37200	8000
BABEL_OP1_203_24270_20130329_154257_S8_scripted.sph	24270	20130329	154257	24270	inLine	VIENTIANE	M	STREET	46	LAOTEL	NOKIA	101120	8000
BABEL_OP1_203_24270_20130329_154602_S3_scripted.sph	24270	20130329	154602	24270	inLine	VIENTIANE	M	STREET	46	LAOTEL	NOKIA	77040	8000
BABEL_OP1_203_24270_20130329_154519_D3_scripted.sph	24270	20130329	154519	24270	inLine	VIENTIANE	M	STREET	46	LAOTEL	NOKIA	67360	8000
BABEL_OP1_203_24270_20130329_154728_R1_scripted.sph	24270	20130329	154728	24270	inLine	VIENTIANE	M	STREET	46	LAOTEL	NOKIA	100960	8000
BABEL_OP1_203_24270_20130329_154443_O6_scripted.sph	24270	20130329	154443	24270	inLine	VIENTIANE	M	STREET	46	LAOTEL	NOKIA	67360	8000
BABEL_OP1_203_24270_20130329_154509_S6_scripted.sph	24270	20130329	154509	24270	inLine	VIENTIANE	M	STREET	46	LAOTEL	NOKIA	73360	8000
BABEL_OP1_203_24270_20130329_154620_A1_scripted.sph	24270	20130329	154620	24270	inLine	VIENTIANE	M	STREET	46	LAOTEL	NOKIA	30000	8000
BABEL_OP1_203_24270_20130329_154728_S9_scripted.sph	24270	20130329	154728	24270	inLine	VIENTIANE	M	STREET	46	LAOTEL	NOKIA	100960	8000
BABEL_OP1_203_24270_20130329_154317_C2_scripted.sph	24270	20130329	154317	24270	inLine	VIENTIANE	M	STREET	46	LAOTEL	NOKIA	67360	8000
BABEL_OP1_203_24270_20130329_154530_S5_scripted.sph	24270	20130329	154530	24270	inLine	VIENTIANE	M	STREET	46	LAOTEL	NOKIA	66960	8000
BABEL_OP1_203_24270_20130329_154541_T2_scripted.sph	24270	20130329	154541	24270	inLine	VIENTIANE	M	STREET	46	LAOTEL	NOKIA	67360	8000
BABEL_OP1_203_24270_20130329_154614_S1_scripted.sph	24270	20130329	154614	24270	inLine	VIENTIANE	M	STREET	46	LAOTEL	NOKIA	78640	8000
BABEL_OP1_203_24270_20130329_154216_T1_scripted.sph	24270	20130329	154216	24270	inLine	VIENTIANE	M	STREET	46	LAOTEL	NOKIA	67360	8000
BABEL_OP1_203_24270_20130329_154323_O3_scripted.sph	24270	20130329	154323	24270	inLine	VIENTIANE	M	STREET	46	LAOTEL	NOKIA	35280	8000
BABEL_OP1_203_24270_20130329_154631_S4_scripted.sph	24270	20130329	154631	24270	inLine	VIENTIANE	M	STREET	46	LAOTEL	NOKIA	67600	8000
BABEL_OP1_203_24270_20130329_154137_O8_scripted.sph	24270	20130329	154137	24270	inLine	VIENTIANE	M	STREET	46	LAOTEL	NOKIA	40080	8000
BABEL_OP1_203_24270_20130329_154152_D1_scripted.sph	24270	20130329	154152	24270	inLine	VIENTIANE	M	STREET	46	LAOTEL	NOKIA	93200	8000
BABEL_OP1_203_24270_20130329_154341_M1_scripted.sph	24270	20130329	154341	24270	inLine	VIENTIANE	M	STREET	46	LAOTEL	NOKIA	51760	8000
BABEL_OP1_203_24270_20130329_154451_S2_scripted.sph	24270	20130329	154451	24270	inLine	VIENTIANE	M	STREET	46	LAOTEL	NOKIA	45040	8000
BABEL_OP1_203_24270_20130329_154127_O1_scripted.sph	24270	20130329	154127	24270	inLine	VIENTIANE	M	STREET	46	LAOTEL	NOKIA	67360	8000
BABEL_OP1_203_24270_20130329_154638_N1_scripted.sph	24270	20130329	154638	24270	inLine	VIENTIANE	M	STREET	46	LAOTEL	NOKIA	35280	8000
BABEL_OP1_203_24270_20130329_154307_C1_scripted.sph	24270	20130329	154307	24270	inLine	VIENTIANE	M	STREET	46	LAOTEL	NOKIA	67360	8000
BABEL_OP1_203_24270_20130329_154713_S7_scripted.sph	24270	20130329	154713	24270	inLine	VIENTIANE	M	STREET	46	LAOTEL	NOKIA	91600	8000
BABEL_OP1_203_24589_20130323_194316_S9_scripted.sph	24589	20130323	194316	24589	inLine	VIENTIANE	M	HOME_OFFICE_MOBILE	33	LAOTEL	SONY	70160	8000
BABEL_OP1_203_24589_20130323_194204_D2_scripted.sph	24589	20130323	194204	24589	inLine	VIENTIANE	M	HOME_OFFICE_MOBILE	33	LAOTEL	SONY	66720	8000
BABEL_OP1_203_24589_20130323_193840_S8_scripted.sph	24589	20130323	193840	24589	inLine	VIENTIANE	M	HOME_OFFICE_MOBILE	33	LAOTEL	SONY	46320	8000
BABEL_OP1_203_24589_20130323_194225_S1_scripted.sph	24589	20130323	194225	24589	inLine	VIENTIANE	M	HOME_OFFICE_MOBILE	33	LAOTEL	SONY	69040	8000
BABEL_OP1_203_24589_20130323_194232_A1_scripted.sph	24589	20130323	194232	24589	inLine	VIENTIANE	M	HOME_OFFICE_MOBILE	33	LAOTEL	SONY	37520	8000
BABEL_OP1_203_24589_20130323_193715_D1_scripted.sph	24589	20130323	193715	24589	inLine	VIENTIANE	M	HOME_OFFICE_MOBILE	33	LAOTEL	SONY	101120	8000
BABEL_OP1_203_24589_20130323_194243_S4_scripted.sph	24589	20130323	194243	24589	inLine	VIENTIANE	M	HOME_OFFICE_MOBILE	33	LAOTEL	SONY	64560	8000
BABEL_OP1_203_24589_20130323_193737_T1_scripted.sph	24589	20130323	193737	24589	inLine	VIENTIANE	M	HOME_OFFICE_MOBILE	33	LAOTEL	SONY	48400	8000
BABEL_OP1_203_24589_20130323_194032_D3_scripted.sph	24589	20130323	194032	24589	inLine	VIENTIANE	M	HOME_OFFICE_MOBILE	33	LAOTEL	SONY	45840	8000
BABEL_OP1_203_24589_20130323_193648_O1_scripted.sph	24589	20130323	193648	24589	inLine	VIENTIANE	M	HOME_OFFICE_MOBILE	33	LAOTEL	SONY	48720	8000
BABEL_OP1_203_24589_20130323_194305_S7_scripted.sph	24589	20130323	194305	24589	inLine	VIENTIANE	M	HOME_OFFICE_MOBILE	33	LAOTEL	SONY	81680	8000
BABEL_OP1_203_24589_20130323_194214_S3_scripted.sph	24589	20130323	194214	24589	inLine	VIENTIANE	M	HOME_OFFICE_MOBILE	33	LAOTEL	SONY	63280	8000
BABEL_OP1_203_24589_20130323_193728_C6_scripted.sph	24589	20130323	193728	24589	inLine	VIENTIANE	M	HOME_OFFICE_MOBILE	33	LAOTEL	SONY	67360	8000
BABEL_OP1_203_24589_20130323_193858_C2_scripted.sph	24589	20130323	193858	24589	inLine	VIENTIANE	M	HOME_OFFICE_MOBILE	33	LAOTEL	SONY	67360	8000
BABEL_OP1_203_24589_20130323_194146_S5_scripted.sph	24589	20130323	194146	24589	inLine	VIENTIANE	M	HOME_OFFICE_MOBILE	33	LAOTEL	SONY	100960	8000
BABEL_OP1_203_24589_20130323_194005_S2_scripted.sph	24589	20130323	194005	24589	inLine	VIENTIANE	M	HOME_OFFICE_MOBILE	33	LAOTEL	SONY	77200	8000
BABEL_OP1_203_24589_20130323_193926_M1_scripted.sph	24589	20130323	193926	24589	inLine	VIENTIANE	M	HOME_OFFICE_MOBILE	33	LAOTEL	SONY	67360	8000
BABEL_OP1_203_24589_20130323_194253_N1_scripted.sph	24589	20130323	194253	24589	inLine	VIENTIANE	M	HOME_OFFICE_MOBILE	33	LAOTEL	SONY	67360	8000
BABEL_OP1_203_24589_20130323_194154_T2_scripted.sph	24589	20130323	194154	24589	inLine	VIENTIANE	M	HOME_OFFICE_MOBILE	33	LAOTEL	SONY	48720	8000
BABEL_OP1_203_24589_20130323_194024_S6_scripted.sph	24589	20130323	194024	24589	inLine	VIENTIANE	M	HOME_OFFICE_MOBILE	33	LAOTEL	SONY	78640	8000
BABEL_OP1_203_24589_20130323_193916_C4_scripted.sph	24589	20130323	193916	24589	inLine	VIENTIANE	M	HOME_OFFICE_MOBILE	33	LAOTEL	SONY	57200	8000
BABEL_OP1_203_24589_20130323_194316_R1_scripted.sph	24589	20130323	194316	24589	inLine	VIENTIANE	M	HOME_OFFICE_MOBILE	33	LAOTEL	SONY	70160	8000
BABEL_OP1_203_24589_20130323_194012_O5_scripted.sph	24589	20130323	194012	24589	inLine	VIENTIANE	M	HOME_OFFICE_MOBILE	33	LAOTEL	SONY	45680	8000
BABEL_OP1_203_24589_20130323_193936_O6_scripted.sph	24589	20130323	193936	24589	inLine	VIENTIANE	M	HOME_OFFICE_MOBILE	33	LAOTEL	SONY	57360	8000
BABEL_OP1_203_24589_20130323_193906_O3_scripted.sph	24589	20130323	193906	24589	inLine	VIENTIANE	M	HOME_OFFICE_MOBILE	33	LAOTEL	SONY	47920	8000
BABEL_OP1_203_24589_20130323_193745_O2_scripted.sph	24589	20130323	193745	24589	inLine	VIENTIANE	M	HOME_OFFICE_MOBILE	33	LAOTEL	SONY	35280	8000
BABEL_OP1_203_24589_20130323_193848_C1_scripted.sph	24589	20130323	193848	24589	inLine	VIENTIANE	M	HOME_OFFICE_MOBILE	33	LAOTEL	SONY	52080	8000
BABEL_OP1_203_24589_20130323_193659_O8_scripted.sph	24589	20130323	193659	24589	inLine	VIENTIANE	M	HOME_OFFICE_MOBILE	33	LAOTEL	SONY	46160	8000
BABEL_OP1_203_25220_20130502_184926_O6_scripted.sph	25220	20130502	184926	25220	inLine	VIENTIANE	F	CAR_KIT	56	LAOTEL	SAMSUNG	67360	8000
BABEL_OP1_203_25220_20130502_184743_O2_scripted.sph	25220	20130502	184743	25220	inLine	VIENTIANE	F	CAR_KIT	56	LAOTEL	SAMSUNG	58880	8000
BABEL_OP1_203_25220_20130502_184733_T1_scripted.sph	25220	20130502	184733	25220	inLine	VIENTIANE	F	CAR_KIT	56	LAOTEL	SAMSUNG	49200	8000
BABEL_OP1_203_25220_20130502_185251_S4_scripted.sph	25220	20130502	185251	25220	inLine	VIENTIANE	F	CAR_KIT	56	LAOTEL	SAMSUNG	82000	8000
BABEL_OP1_203_25220_20130502_184814_S8_scripted.sph	25220	20130502	184814	25220	inLine	VIENTIANE	F	CAR_KIT	56	LAOTEL	SAMSUNG	100960	8000
BABEL_OP1_203_25220_20130502_185126_D2_scripted.sph	25220	20130502	185126	25220	inLine	VIENTIANE	F	CAR_KIT	56	LAOTEL	SAMSUNG	67360	8000
BABEL_OP1_203_25220_20130502_185048_T2_scripted.sph	25220	20130502	185048	25220	inLine	VIENTIANE	F	CAR_KIT	56	LAOTEL	SAMSUNG	67360	8000
BABEL_OP1_203_25220_20130502_184840_O3_scripted.sph	25220	20130502	184840	25220	inLine	VIENTIANE	F	CAR_KIT	56	LAOTEL	SAMSUNG	39600	8000
BABEL_OP1_203_25220_20130502_184710_D1_scripted.sph	25220	20130502	184710	25220	inLine	VIENTIANE	F	CAR_KIT	56	LAOTEL	SAMSUNG	83760	8000
BABEL_OP1_203_25220_20130502_185219_A1_scripted.sph	25220	20130502	185219	25220	inLine	VIENTIANE	F	CAR_KIT	56	LAOTEL	SAMSUNG	38320	8000
BABEL_OP1_203_25220_20130502_184947_O5_scripted.sph	25220	20130502	184947	25220	inLine	VIENTIANE	F	CAR_KIT	56	LAOTEL	SAMSUNG	67360	8000
BABEL_OP1_203_25220_20130502_185328_S9_scripted.sph	25220	20130502	185328	25220	inLine	VIENTIANE	F	CAR_KIT	56	LAOTEL	SAMSUNG	79920	8000
BABEL_OP1_203_25220_20130502_185212_S1_scripted.sph	25220	20130502	185212	25220	inLine	VIENTIANE	F	CAR_KIT	56	LAOTEL	SAMSUNG	96400	8000
BABEL_OP1_203_25220_20130502_184724_C6_scripted.sph	25220	20130502	184724	25220	inLine	VIENTIANE	F	CAR_KIT	56	LAOTEL	SAMSUNG	67360	8000
BABEL_OP1_203_25220_20130502_184646_O1_scripted.sph	25220	20130502	184646	25220	inLine	VIENTIANE	F	CAR_KIT	56	LAOTEL	SAMSUNG	67360	8000
BABEL_OP1_203_25220_20130502_185139_S3_scripted.sph	25220	20130502	185139	25220	inLine	VIENTIANE	F	CAR_KIT	56	LAOTEL	SAMSUNG	90640	8000
BABEL_OP1_203_25220_20130502_185301_N1_scripted.sph	25220	20130502	185301	25220	inLine	VIENTIANE	F	CAR_KIT	56	LAOTEL	SAMSUNG	67200	8000
BABEL_OP1_203_25220_20130502_184916_M1_scripted.sph	25220	20130502	184916	25220	inLine	VIENTIANE	F	CAR_KIT	56	LAOTEL	SAMSUNG	67360	8000
BABEL_OP1_203_25220_20130502_184657_O8_scripted.sph	25220	20130502	184657	25220	inLine	VIENTIANE	F	CAR_KIT	56	LAOTEL	SAMSUNG	41520	8000
BABEL_OP1_203_25220_20130502_185328_R1_scripted.sph	25220	20130502	185328	25220	inLine	VIENTIANE	F	CAR_KIT	56	LAOTEL	SAMSUNG	79920	8000
BABEL_OP1_203_25220_20130502_185316_S7_scripted.sph	25220	20130502	185316	25220	inLine	VIENTIANE	F	CAR_KIT	56	LAOTEL	SAMSUNG	101120	8000
BABEL_OP1_203_25220_20130502_184850_C4_scripted.sph	25220	20130502	184850	25220	inLine	VIENTIANE	F	CAR_KIT	56	LAOTEL	SAMSUNG	67360	8000
BABEL_OP1_203_25220_20130502_185005_D3_scripted.sph	25220	20130502	185005	25220	inLine	VIENTIANE	F	CAR_KIT	56	LAOTEL	SAMSUNG	45040	8000
BABEL_OP1_203_25220_20130502_184823_C1_scripted.sph	25220	20130502	184823	25220	inLine	VIENTIANE	F	CAR_KIT	56	LAOTEL	SAMSUNG	58320	8000
BABEL_OP1_203_25220_20130502_185038_S5_scripted.sph	25220	20130502	185038	25220	inLine	VIENTIANE	F	CAR_KIT	56	LAOTEL	SAMSUNG	89360	8000
BABEL_OP1_203_25220_20130502_184937_S2_scripted.sph	25220	20130502	184937	25220	inLine	VIENTIANE	F	CAR_KIT	56	LAOTEL	SAMSUNG	65680	8000
BABEL_OP1_203_25220_20130502_184957_S6_scripted.sph	25220	20130502	184957	25220	inLine	VIENTIANE	F	CAR_KIT	56	LAOTEL	SAMSUNG	66960	8000
BABEL_OP1_203_25220_20130502_184833_C2_scripted.sph	25220	20130502	184833	25220	inLine	VIENTIANE	F	CAR_KIT	56	LAOTEL	SAMSUNG	67360	8000
BABEL_OP1_203_27478_20130501_203402_O8_scripted.sph	27478	20130501	203402	27478	inLine	VIENTIANE	F	CAR_KIT	47	LAOTEL	NOKIA	38480	8000
BABEL_OP1_203_27478_20130501_204126_D2_scripted.sph	27478	20130501	204126	27478	inLine	VIENTIANE	F	CAR_KIT	47	LAOTEL	NOKIA	67360	8000
BABEL_OP1_203_27478_20130501_203648_M1_scripted.sph	27478	20130501	203648	27478	inLine	VIENTIANE	F	CAR_KIT	47	LAOTEL	NOKIA	64560	8000
BABEL_OP1_203_27478_20130501_204208_S4_scripted.sph	27478	20130501	204208	27478	inLine	VIENTIANE	F	CAR_KIT	47	LAOTEL	NOKIA	70480	8000
BABEL_OP1_203_27478_20130501_203352_O1_scripted.sph	27478	20130501	203352	27478	inLine	VIENTIANE	F	CAR_KIT	47	LAOTEL	NOKIA	35440	8000
BABEL_OP1_203_27478_20130501_203453_C6_scripted.sph	27478	20130501	203453	27478	inLine	VIENTIANE	F	CAR_KIT	47	LAOTEL	NOKIA	67360	8000
BABEL_OP1_203_27478_20130501_203625_C4_scripted.sph	27478	20130501	203625	27478	inLine	VIENTIANE	F	CAR_KIT	47	LAOTEL	NOKIA	61200	8000
BABEL_OP1_203_27478_20130501_204116_T2_scripted.sph	27478	20130501	204116	27478	inLine	VIENTIANE	F	CAR_KIT	47	LAOTEL	NOKIA	58000	8000
BABEL_OP1_203_27478_20130501_204157_A1_scripted.sph	27478	20130501	204157	27478	inLine	VIENTIANE	F	CAR_KIT	47	LAOTEL	NOKIA	31120	8000
BABEL_OP1_203_27478_20130501_204107_S5_scripted.sph	27478	20130501	204107	27478	inLine	VIENTIANE	F	CAR_KIT	47	LAOTEL	NOKIA	89040	8000
BABEL_OP1_203_27478_20130501_204241_R1_scripted.sph	27478	20130501	204241	27478	inLine	VIENTIANE	F	CAR_KIT	47	LAOTEL	NOKIA	50640	8000
BABEL_OP1_203_27478_20130501_203615_O3_scripted.sph	27478	20130501	203615	27478	inLine	VIENTIANE	F	CAR_KIT	47	LAOTEL	NOKIA	39120	8000
BABEL_OP1_203_27478_20130501_204029_S2_scripted.sph	27478	20130501	204029	27478	inLine	VIENTIANE	F	CAR_KIT	47	LAOTEL	NOKIA	79440	8000
BABEL_OP1_203_27478_20130501_203608_C2_scripted.sph	27478	20130501	203608	27478	inLine	VIENTIANE	F	CAR_KIT	47	LAOTEL	NOKIA	62320	8000
BABEL_OP1_203_27478_20130501_204046_S6_scripted.sph	27478	20130501	204046	27478	inLine	VIENTIANE	F	CAR_KIT	47	LAOTEL	NOKIA	60560	8000
BABEL_OP1_203_27478_20130501_203512_O2_scripted.sph	27478	20130501	203512	27478	inLine	VIENTIANE	F	CAR_KIT	47	LAOTEL	NOKIA	59040	8000
BABEL_OP1_203_27478_20130501_204016_O6_scripted.sph	27478	20130501	204016	27478	inLine	VIENTIANE	F	CAR_KIT	47	LAOTEL	NOKIA	22160	8000
BABEL_OP1_203_27478_20130501_204036_O5_scripted.sph	27478	20130501	204036	27478	inLine	VIENTIANE	F	CAR_KIT	47	LAOTEL	NOKIA	44560	8000
BABEL_OP1_203_27478_20130501_203502_T1_scripted.sph	27478	20130501	203502	27478	inLine	VIENTIANE	F	CAR_KIT	47	LAOTEL	NOKIA	48080	8000
BABEL_OP1_203_27478_20130501_204241_S9_scripted.sph	27478	20130501	204241	27478	inLine	VIENTIANE	F	CAR_KIT	47	LAOTEL	NOKIA	50640	8000
BABEL_OP1_203_27478_20130501_203439_D1_scripted.sph	27478	20130501	203439	27478	inLine	VIENTIANE	F	CAR_KIT	47	LAOTEL	NOKIA	50800	8000
BABEL_OP1_203_27478_20130501_204151_S1_scripted.sph	27478	20130501	204151	27478	inLine	VIENTIANE	F	CAR_KIT	47	LAOTEL	NOKIA	101120	8000
BABEL_OP1_203_27478_20130501_204053_D3_scripted.sph	27478	20130501	204053	27478	inLine	VIENTIANE	F	CAR_KIT	47	LAOTEL	NOKIA	38640	8000
BABEL_OP1_203_27478_20130501_204136_S3_scripted.sph	27478	20130501	204136	27478	inLine	VIENTIANE	F	CAR_KIT	47	LAOTEL	NOKIA	59280	8000
BABEL_OP1_203_27478_20130501_203546_C1_scripted.sph	27478	20130501	203546	27478	inLine	VIENTIANE	F	CAR_KIT	47	LAOTEL	NOKIA	49040	8000
BABEL_OP1_203_27478_20130501_204233_S7_scripted.sph	27478	20130501	204233	27478	inLine	VIENTIANE	F	CAR_KIT	47	LAOTEL	NOKIA	93840	8000
BABEL_OP1_203_27478_20130501_204219_N1_scripted.sph	27478	20130501	204219	27478	inLine	VIENTIANE	F	CAR_KIT	47	LAOTEL	NOKIA	66720	8000
BABEL_OP1_203_27478_20130501_203538_S8_scripted.sph	27478	20130501	203538	27478	inLine	VIENTIANE	F	CAR_KIT	47	LAOTEL	NOKIA	62960	8000
BABEL_OP1_203_28190_20130730_201256_S7_scripted.sph	28190	20130730	201256	28190	inLine	VIENTIANE	M	MICROPHONE	46	LAOTEL	NOKIA	83120	8000
BABEL_OP1_203_28190_20130730_201307_R1_scripted.sph	28190	20130730	201307	28190	inLine	VIENTIANE	M	MICROPHONE	46	LAOTEL	NOKIA	66480	8000
BABEL_OP1_203_28190_20130730_200502_S8_scripted.sph	28190	20130730	200502	28190	inLine	VIENTIANE	M	MICROPHONE	46	LAOTEL	NOKIA	55440	8000
BABEL_OP1_203_28190_20130730_201154_S3_scripted.sph	28190	20130730	201154	28190	inLine	VIENTIANE	M	MICROPHONE	46	LAOTEL	NOKIA	96240	8000
BABEL_OP1_203_28190_20130730_201117_T2_scripted.sph	28190	20130730	201117	28190	inLine	VIENTIANE	M	MICROPHONE	46	LAOTEL	NOKIA	67360	8000
BABEL_OP1_203_28190_20130730_200626_C4_scripted.sph	28190	20130730	200626	28190	inLine	VIENTIANE	M	MICROPHONE	46	LAOTEL	NOKIA	43760	8000
BABEL_OP1_203_28190_20130730_200829_M1_scripted.sph	28190	20130730	200829	28190	inLine	VIENTIANE	M	MICROPHONE	46	LAOTEL	NOKIA	49840	8000
BABEL_OP1_203_28190_20130730_201038_D3_scripted.sph	28190	20130730	201038	28190	inLine	VIENTIANE	M	MICROPHONE	46	LAOTEL	NOKIA	46480	8000
BABEL_OP1_203_28190_20130730_201209_A1_scripted.sph	28190	20130730	201209	28190	inLine	VIENTIANE	M	MICROPHONE	46	LAOTEL	NOKIA	40240	8000
BABEL_OP1_203_28190_20130730_201221_S4_scripted.sph	28190	20130730	201221	28190	inLine	VIENTIANE	M	MICROPHONE	46	LAOTEL	NOKIA	76880	8000
BABEL_OP1_203_28190_20130730_201139_D2_scripted.sph	28190	20130730	201139	28190	inLine	VIENTIANE	M	MICROPHONE	46	LAOTEL	NOKIA	67360	8000
BABEL_OP1_203_28190_20130730_201107_S5_scripted.sph	28190	20130730	201107	28190	inLine	VIENTIANE	M	MICROPHONE	46	LAOTEL	NOKIA	97680	8000
BABEL_OP1_203_28190_20130730_200420_C6_scripted.sph	28190	20130730	200420	28190	inLine	VIENTIANE	M	MICROPHONE	46	LAOTEL	NOKIA	49840	8000
BABEL_OP1_203_28190_20130730_200326_O8_scripted.sph	28190	20130730	200326	28190	inLine	VIENTIANE	M	MICROPHONE	46	LAOTEL	NOKIA	37040	8000
BABEL_OP1_203_28190_20130730_200601_O3_scripted.sph	28190	20130730	200601	28190	inLine	VIENTIANE	M	MICROPHONE	46	LAOTEL	NOKIA	51760	8000
BABEL_OP1_203_28190_20130730_200316_O1_scripted.sph	28190	20130730	200316	28190	inLine	VIENTIANE	M	MICROPHONE	46	LAOTEL	NOKIA	43920	8000
BABEL_OP1_203_28190_20130730_201029_S6_scripted.sph	28190	20130730	201029	28190	inLine	VIENTIANE	M	MICROPHONE	46	LAOTEL	NOKIA	61200	8000
BABEL_OP1_203_28190_20130730_200436_O2_scripted.sph	28190	20130730	200436	28190	inLine	VIENTIANE	M	MICROPHONE	46	LAOTEL	NOKIA	58880	8000
BABEL_OP1_203_28190_20130730_201307_S9_scripted.sph	28190	20130730	201307	28190	inLine	VIENTIANE	M	MICROPHONE	46	LAOTEL	NOKIA	66480	8000
BABEL_OP1_203_28190_20130730_200426_T1_scripted.sph	28190	20130730	200426	28190	inLine	VIENTIANE	M	MICROPHONE	46	LAOTEL	NOKIA	28080	8000
BABEL_OP1_203_28190_20130730_201244_N1_scripted.sph	28190	20130730	201244	28190	inLine	VIENTIANE	M	MICROPHONE	46	LAOTEL	NOKIA	67360	8000
BABEL_OP1_203_28190_20130730_201020_O5_scripted.sph	28190	20130730	201020	28190	inLine	VIENTIANE	M	MICROPHONE	46	LAOTEL	NOKIA	40560	8000
BABEL_OP1_203_28190_20130730_201202_S1_scripted.sph	28190	20130730	201202	28190	inLine	VIENTIANE	M	MICROPHONE	46	LAOTEL	NOKIA	46480	8000
BABEL_OP1_203_28190_20130730_200930_S2_scripted.sph	28190	20130730	200930	28190	inLine	VIENTIANE	M	MICROPHONE	46	LAOTEL	NOKIA	92720	8000
BABEL_OP1_203_28190_20130730_200846_O6_scripted.sph	28190	20130730	200846	28190	inLine	VIENTIANE	M	MICROPHONE	46	LAOTEL	NOKIA	38160	8000
BABEL_OP1_203_28190_20130730_200509_C1_scripted.sph	28190	20130730	200509	28190	inLine	VIENTIANE	M	MICROPHONE	46	LAOTEL	NOKIA	44400	8000
BABEL_OP1_203_28190_20130730_200337_D1_scripted.sph	28190	20130730	200337	28190	inLine	VIENTIANE	M	MICROPHONE	46	LAOTEL	NOKIA	59760	8000
BABEL_OP1_203_28190_20130730_200529_C2_scripted.sph	28190	20130730	200529	28190	inLine	VIENTIANE	M	MICROPHONE	46	LAOTEL	NOKIA	67360	8000
BABEL_OP1_203_28945_20130315_164428_C2_scripted.sph	28945	20130315	164428	28945	inLine	VIENTIANE	M	PUBLIC_PLACE	23	LAOTEL	NOKIA	67360	8000
BABEL_OP1_203_28945_20130315_164653_S4_scripted.sph	28945	20130315	164653	28945	inLine	VIENTIANE	M	PUBLIC_PLACE	23	LAOTEL	NOKIA	88240	8000
BABEL_OP1_203_28945_20130315_164540_D3_scripted.sph	28945	20130315	164540	28945	inLine	VIENTIANE	M	PUBLIC_PLACE	23	LAOTEL	NOKIA	44560	8000
BABEL_OP1_203_28945_20130315_164314_D1_scripted.sph	28945	20130315	164314	28945	inLine	VIENTIANE	M	PUBLIC_PLACE	23	LAOTEL	NOKIA	70480	8000
BABEL_OP1_203_28945_20130315_164342_O2_scripted.sph	28945	20130315	164342	28945	inLine	VIENTIANE	M	PUBLIC_PLACE	23	LAOTEL	NOKIA	35600	8000
BABEL_OP1_203_28945_20130315_164550_S5_scripted.sph	28945	20130315	164550	28945	inLine	VIENTIANE	M	PUBLIC_PLACE	23	LAOTEL	NOKIA	65360	8000
BABEL_OP1_203_28945_20130315_164452_M1_scripted.sph	28945	20130315	164452	28945	inLine	VIENTIANE	M	PUBLIC_PLACE	23	LAOTEL	NOKIA	42160	8000
BABEL_OP1_203_28945_20130315_164302_O8_scripted.sph	28945	20130315	164302	28945	inLine	VIENTIANE	M	PUBLIC_PLACE	23	LAOTEL	NOKIA	36080	8000
BABEL_OP1_203_28945_20130315_164252_O1_scripted.sph	28945	20130315	164252	28945	inLine	VIENTIANE	M	PUBLIC_PLACE	23	LAOTEL	NOKIA	35920	8000
BABEL_OP1_203_28945_20130315_164532_S6_scripted.sph	28945	20130315	164532	28945	inLine	VIENTIANE	M	PUBLIC_PLACE	23	LAOTEL	NOKIA	80880	8000
BABEL_OP1_203_28945_20130315_164334_T1_scripted.sph	28945	20130315	164334	28945	inLine	VIENTIANE	M	PUBLIC_PLACE	23	LAOTEL	NOKIA	43600	8000
BABEL_OP1_203_28945_20130315_164436_O3_scripted.sph	28945	20130315	164436	28945	inLine	VIENTIANE	M	PUBLIC_PLACE	23	LAOTEL	NOKIA	41520	8000
BABEL_OP1_203_28945_20130315_164609_D2_scripted.sph	28945	20130315	164609	28945	inLine	VIENTIANE	M	PUBLIC_PLACE	23	LAOTEL	NOKIA	59920	8000
BABEL_OP1_203_28945_20130315_164559_T2_scripted.sph	28945	20130315	164559	28945	inLine	VIENTIANE	M	PUBLIC_PLACE	23	LAOTEL	NOKIA	58000	8000
BABEL_OP1_203_28945_20130315_164715_S7_scripted.sph	28945	20130315	164715	28945	inLine	VIENTIANE	M	PUBLIC_PLACE	23	LAOTEL	NOKIA	78320	8000
BABEL_OP1_203_28945_20130315_164444_C4_scripted.sph	28945	20130315	164444	28945	inLine	VIENTIANE	M	PUBLIC_PLACE	23	LAOTEL	NOKIA	53520	8000
BABEL_OP1_203_28945_20130315_164724_R1_scripted.sph	28945	20130315	164724	28945	inLine	VIENTIANE	M	PUBLIC_PLACE	23	LAOTEL	NOKIA	56080	8000
BABEL_OP1_203_28945_20130315_164623_S3_scripted.sph	28945	20130315	164623	28945	inLine	VIENTIANE	M	PUBLIC_PLACE	23	LAOTEL	NOKIA	93360	8000
BABEL_OP1_203_28945_20130315_164703_N1_scripted.sph	28945	20130315	164703	28945	inLine	VIENTIANE	M	PUBLIC_PLACE	23	LAOTEL	NOKIA	61680	8000
BABEL_OP1_203_28945_20130315_164459_O6_scripted.sph	28945	20130315	164459	28945	inLine	VIENTIANE	M	PUBLIC_PLACE	23	LAOTEL	NOKIA	40400	8000
BABEL_OP1_203_28945_20130315_164724_S9_scripted.sph	28945	20130315	164724	28945	inLine	VIENTIANE	M	PUBLIC_PLACE	23	LAOTEL	NOKIA	56080	8000
BABEL_OP1_203_28945_20130315_164519_O5_scripted.sph	28945	20130315	164519	28945	inLine	VIENTIANE	M	PUBLIC_PLACE	23	LAOTEL	NOKIA	48560	8000
BABEL_OP1_203_28945_20130315_164418_C1_scripted.sph	28945	20130315	164418	28945	inLine	VIENTIANE	M	PUBLIC_PLACE	23	LAOTEL	NOKIA	58320	8000
BABEL_OP1_203_28945_20130315_164640_A1_scripted.sph	28945	20130315	164640	28945	inLine	VIENTIANE	M	PUBLIC_PLACE	23	LAOTEL	NOKIA	38480	8000
BABEL_OP1_203_28945_20130315_164409_S8_scripted.sph	28945	20130315	164409	28945	inLine	VIENTIANE	M	PUBLIC_PLACE	23	LAOTEL	NOKIA	72720	8000
BABEL_OP1_203_28945_20130315_164511_S2_scripted.sph	28945	20130315	164511	28945	inLine	VIENTIANE	M	PUBLIC_PLACE	23	LAOTEL	NOKIA	77520	8000
BABEL_OP1_203_28945_20130315_164326_C6_scripted.sph	28945	20130315	164326	28945	inLine	VIENTIANE	M	PUBLIC_PLACE	23	LAOTEL	NOKIA	54960	8000
BABEL_OP1_203_28945_20130315_164633_S1_scripted.sph	28945	20130315	164633	28945	inLine	VIENTIANE	M	PUBLIC_PLACE	23	LAOTEL	NOKIA	59440	8000
BABEL_OP1_203_32914_20130411_181523_T1_scripted.sph	32914	20130411	181523	32914	inLine	VIENTIANE	M	CAR_KIT	18	LAOTEL	SAMSUNG	49360	8000
BABEL_OP1_203_32914_20130411_181420_O8_scripted.sph	32914	20130411	181420	32914	inLine	VIENTIANE	M	CAR_KIT	18	LAOTEL	SAMSUNG	43440	8000
BABEL_OP1_203_32914_20130411_181728_M1_scripted.sph	32914	20130411	181728	32914	inLine	VIENTIANE	M	CAR_KIT	18	LAOTEL	SAMSUNG	63280	8000
BABEL_OP1_203_32914_20130411_181736_O6_scripted.sph	32914	20130411	181736	32914	inLine	VIENTIANE	M	CAR_KIT	18	LAOTEL	SAMSUNG	47920	8000
BABEL_OP1_203_32914_20130411_181950_D2_scripted.sph	32914	20130411	181950	32914	inLine	VIENTIANE	M	CAR_KIT	18	LAOTEL	SAMSUNG	64880	8000
BABEL_OP1_203_32914_20130411_181905_S5_scripted.sph	32914	20130411	181905	32914	inLine	VIENTIANE	M	CAR_KIT	18	LAOTEL	SAMSUNG	100960	8000
BABEL_OP1_203_32914_20130411_181749_S2_scripted.sph	32914	20130411	181749	32914	inLine	VIENTIANE	M	CAR_KIT	18	LAOTEL	SAMSUNG	84560	8000
BABEL_OP1_203_32914_20130411_181431_D1_scripted.sph	32914	20130411	181431	32914	inLine	VIENTIANE	M	CAR_KIT	18	LAOTEL	SAMSUNG	65200	8000
BABEL_OP1_203_32914_20130411_181823_S6_scripted.sph	32914	20130411	181823	32914	inLine	VIENTIANE	M	CAR_KIT	18	LAOTEL	SAMSUNG	82480	8000
BABEL_OP1_203_32914_20130411_182117_S7_scripted.sph	32914	20130411	182117	32914	inLine	VIENTIANE	M	CAR_KIT	18	LAOTEL	SAMSUNG	100960	8000
BABEL_OP1_203_32914_20130411_182132_R1_scripted.sph	32914	20130411	182132	32914	inLine	VIENTIANE	M	CAR_KIT	18	LAOTEL	SAMSUNG	101120	8000
BABEL_OP1_203_32914_20130411_181927_T2_scripted.sph	32914	20130411	181927	32914	inLine	VIENTIANE	M	CAR_KIT	18	LAOTEL	SAMSUNG	67360	8000
BABEL_OP1_203_32914_20130411_181638_C1_scripted.sph	32914	20130411	181638	32914	inLine	VIENTIANE	M	CAR_KIT	18	LAOTEL	SAMSUNG	59760	8000
BABEL_OP1_203_32914_20130411_181647_C2_scripted.sph	32914	20130411	181647	32914	inLine	VIENTIANE	M	CAR_KIT	18	LAOTEL	SAMSUNG	57520	8000
BABEL_OP1_203_32914_20130411_182102_N1_scripted.sph	32914	20130411	182102	32914	inLine	VIENTIANE	M	CAR_KIT	18	LAOTEL	SAMSUNG	67360	8000
BABEL_OP1_203_32914_20130411_182039_A1_scripted.sph	32914	20130411	182039	32914	inLine	VIENTIANE	M	CAR_KIT	18	LAOTEL	SAMSUNG	37200	8000
BABEL_OP1_203_32914_20130411_182032_S1_scripted.sph	32914	20130411	182032	32914	inLine	VIENTIANE	M	CAR_KIT	18	LAOTEL	SAMSUNG	72080	8000
BABEL_OP1_203_32914_20130411_182132_S9_scripted.sph	32914	20130411	182132	32914	inLine	VIENTIANE	M	CAR_KIT	18	LAOTEL	SAMSUNG	101120	8000
BABEL_OP1_203_32914_20130411_181628_S8_scripted.sph	32914	20130411	181628	32914	inLine	VIENTIANE	M	CAR_KIT	18	LAOTEL	SAMSUNG	101120	8000
BABEL_OP1_203_32914_20130411_181409_O1_scripted.sph	32914	20130411	181409	32914	inLine	VIENTIANE	M	CAR_KIT	18	LAOTEL	SAMSUNG	67360	8000
BABEL_OP1_203_32914_20130411_181445_C6_scripted.sph	32914	20130411	181445	32914	inLine	VIENTIANE	M	CAR_KIT	18	LAOTEL	SAMSUNG	67360	8000
BABEL_OP1_203_32914_20130411_181558_O2_scripted.sph	32914	20130411	181558	32914	inLine	VIENTIANE	M	CAR_KIT	18	LAOTEL	SAMSUNG	58880	8000
BABEL_OP1_203_32914_20130411_181717_C4_scripted.sph	32914	20130411	181717	32914	inLine	VIENTIANE	M	CAR_KIT	18	LAOTEL	SAMSUNG	61360	8000
BABEL_OP1_203_32914_20130411_181811_O5_scripted.sph	32914	20130411	181811	32914	inLine	VIENTIANE	M	CAR_KIT	18	LAOTEL	SAMSUNG	58320	8000
BABEL_OP1_203_32914_20130411_181833_D3_scripted.sph	32914	20130411	181833	32914	inLine	VIENTIANE	M	CAR_KIT	18	LAOTEL	SAMSUNG	60880	8000
BABEL_OP1_203_32914_20130411_181654_O3_scripted.sph	32914	20130411	181654	32914	inLine	VIENTIANE	M	CAR_KIT	18	LAOTEL	SAMSUNG	40720	8000
BABEL_OP1_203_32914_20130411_182052_S4_scripted.sph	32914	20130411	182052	32914	inLine	VIENTIANE	M	CAR_KIT	18	LAOTEL	SAMSUNG	82160	8000
BABEL_OP1_203_32914_20130411_182021_S3_scripted.sph	32914	20130411	182021	32914	inLine	VIENTIANE	M	CAR_KIT	18	LAOTEL	SAMSUNG	101120	8000
BABEL_OP1_203_40713_20130321_161304_C4_scripted.sph	40713	20130321	161304	40713	inLine	VIENTIANE	M	PUBLIC_PLACE	51	LAOTEL	NOKIA	49520	8000
BABEL_OP1_203_40713_20130321_161504_S3_scripted.sph	40713	20130321	161504	40713	inLine	VIENTIANE	M	PUBLIC_PLACE	51	LAOTEL	NOKIA	101120	8000
BABEL_OP1_203_40713_20130321_161349_O5_scripted.sph	40713	20130321	161349	40713	inLine	VIENTIANE	M	PUBLIC_PLACE	51	LAOTEL	NOKIA	67200	8000
BABEL_OP1_203_40713_20130321_161439_T2_scripted.sph	40713	20130321	161439	40713	inLine	VIENTIANE	M	PUBLIC_PLACE	51	LAOTEL	NOKIA	67360	8000
BABEL_OP1_203_40713_20130321_161107_O8_scripted.sph	40713	20130321	161107	40713	inLine	VIENTIANE	M	PUBLIC_PLACE	51	LAOTEL	NOKIA	67360	8000
BABEL_OP1_203_40713_20130321_161136_C6_scripted.sph	40713	20130321	161136	40713	inLine	VIENTIANE	M	PUBLIC_PLACE	51	LAOTEL	NOKIA	67360	8000
BABEL_OP1_203_40713_20130321_161414_D3_scripted.sph	40713	20130321	161414	40713	inLine	VIENTIANE	M	PUBLIC_PLACE	51	LAOTEL	NOKIA	67360	8000
BABEL_OP1_203_40713_20130321_161339_S2_scripted.sph	40713	20130321	161339	40713	inLine	VIENTIANE	M	PUBLIC_PLACE	51	LAOTEL	NOKIA	100960	8000
BABEL_OP1_203_40713_20130321_161054_O1_scripted.sph	40713	20130321	161054	40713	inLine	VIENTIANE	M	PUBLIC_PLACE	51	LAOTEL	NOKIA	67360	8000
BABEL_OP1_203_40713_20130321_161515_S1_scripted.sph	40713	20130321	161515	40713	inLine	VIENTIANE	M	PUBLIC_PLACE	51	LAOTEL	NOKIA	68080	8000
BABEL_OP1_203_40713_20130321_161552_N1_scripted.sph	40713	20130321	161552	40713	inLine	VIENTIANE	M	PUBLIC_PLACE	51	LAOTEL	NOKIA	67360	8000
BABEL_OP1_203_40713_20130321_161123_D1_scripted.sph	40713	20130321	161123	40713	inLine	VIENTIANE	M	PUBLIC_PLACE	51	LAOTEL	NOKIA	101120	8000
BABEL_OP1_203_40713_20130321_161542_S4_scripted.sph	40713	20130321	161542	40713	inLine	VIENTIANE	M	PUBLIC_PLACE	51	LAOTEL	NOKIA	77840	8000
BABEL_OP1_203_40713_20130321_161228_S8_scripted.sph	40713	20130321	161228	40713	inLine	VIENTIANE	M	PUBLIC_PLACE	51	LAOTEL	NOKIA	100960	8000
BABEL_OP1_203_40713_20130321_161314_M1_scripted.sph	40713	20130321	161314	40713	inLine	VIENTIANE	M	PUBLIC_PLACE	51	LAOTEL	NOKIA	67360	8000
BABEL_OP1_203_40713_20130321_161239_C1_scripted.sph	40713	20130321	161239	40713	inLine	VIENTIANE	M	PUBLIC_PLACE	51	LAOTEL	NOKIA	67360	8000
BABEL_OP1_203_40713_20130321_161158_O2_scripted.sph	40713	20130321	161158	40713	inLine	VIENTIANE	M	PUBLIC_PLACE	51	LAOTEL	NOKIA	59040	8000
BABEL_OP1_203_40713_20130321_161429_S5_scripted.sph	40713	20130321	161429	40713	inLine	VIENTIANE	M	PUBLIC_PLACE	51	LAOTEL	NOKIA	100960	8000
BABEL_OP1_203_40713_20130321_161148_T1_scripted.sph	40713	20130321	161148	40713	inLine	VIENTIANE	M	PUBLIC_PLACE	51	LAOTEL	NOKIA	67360	8000
BABEL_OP1_203_40713_20130321_161255_O3_scripted.sph	40713	20130321	161255	40713	inLine	VIENTIANE	M	PUBLIC_PLACE	51	LAOTEL	NOKIA	36560	8000
BABEL_OP1_203_40713_20130321_161249_C2_scripted.sph	40713	20130321	161249	40713	inLine	VIENTIANE	M	PUBLIC_PLACE	51	LAOTEL	NOKIA	67360	8000
BABEL_OP1_203_40713_20130321_161621_S9_scripted.sph	40713	20130321	161621	40713	inLine	VIENTIANE	M	PUBLIC_PLACE	51	LAOTEL	NOKIA	100960	8000
BABEL_OP1_203_40713_20130321_161621_R1_scripted.sph	40713	20130321	161621	40713	inLine	VIENTIANE	M	PUBLIC_PLACE	51	LAOTEL	NOKIA	100960	8000
BABEL_OP1_203_40713_20130321_161607_S7_scripted.sph	40713	20130321	161607	40713	inLine	VIENTIANE	M	PUBLIC_PLACE	51	LAOTEL	NOKIA	101120	8000
BABEL_OP1_203_40713_20130321_161404_S6_scripted.sph	40713	20130321	161404	40713	inLine	VIENTIANE	M	PUBLIC_PLACE	51	LAOTEL	NOKIA	101120	8000
BABEL_OP1_203_40713_20130321_161324_O6_scripted.sph	40713	20130321	161324	40713	inLine	VIENTIANE	M	PUBLIC_PLACE	51	LAOTEL	NOKIA	67200	8000
BABEL_OP1_203_40713_20130321_161530_A1_scripted.sph	40713	20130321	161530	40713	inLine	VIENTIANE	M	PUBLIC_PLACE	51	LAOTEL	NOKIA	100960	8000
BABEL_OP1_203_40713_20130321_161450_D2_scripted.sph	40713	20130321	161450	40713	inLine	VIENTIANE	M	PUBLIC_PLACE	51	LAOTEL	NOKIA	67360	8000
BABEL_OP1_203_41097_20130427_231938_M1_scripted.sph	41097	20130427	231938	41097	inLine	VIENTIANE	M	CAR_KIT	31	LAOTEL	SAMSUNG	67360	8000
BABEL_OP1_203_41097_20130427_232050_D3_scripted.sph	41097	20130427	232050	41097	inLine	VIENTIANE	M	CAR_KIT	31	LAOTEL	SAMSUNG	42320	8000
BABEL_OP1_203_41097_20130427_231928_C4_scripted.sph	41097	20130427	231928	41097	inLine	VIENTIANE	M	CAR_KIT	31	LAOTEL	SAMSUNG	67360	8000
BABEL_OP1_203_41097_20130427_232112_T2_scripted.sph	41097	20130427	232112	41097	inLine	VIENTIANE	M	CAR_KIT	31	LAOTEL	SAMSUNG	61360	8000
BABEL_OP1_203_41097_20130427_232001_S2_scripted.sph	41097	20130427	232001	41097	inLine	VIENTIANE	M	CAR_KIT	31	LAOTEL	SAMSUNG	76720	8000
BABEL_OP1_203_41097_20130427_232011_O5_scripted.sph	41097	20130427	232011	41097	inLine	VIENTIANE	M	CAR_KIT	31	LAOTEL	SAMSUNG	67360	8000
BABEL_OP1_203_41097_20130427_232132_S3_scripted.sph	41097	20130427	232132	41097	inLine	VIENTIANE	M	CAR_KIT	31	LAOTEL	SAMSUNG	56880	8000
BABEL_OP1_203_41097_20130427_232321_S9_scripted.sph	41097	20130427	232321	41097	inLine	VIENTIANE	M	CAR_KIT	31	LAOTEL	SAMSUNG	81200	8000
BABEL_OP1_203_41097_20130427_232321_R1_scripted.sph	41097	20130427	232321	41097	inLine	VIENTIANE	M	CAR_KIT	31	LAOTEL	SAMSUNG	81200	8000
BABEL_OP1_203_41097_20130427_232043_S6_scripted.sph	41097	20130427	232043	41097	inLine	VIENTIANE	M	CAR_KIT	31	LAOTEL	SAMSUNG	89360	8000
BABEL_OP1_203_41097_20130427_232147_S1_scripted.sph	41097	20130427	232147	41097	inLine	VIENTIANE	M	CAR_KIT	31	LAOTEL	SAMSUNG	101120	8000
BABEL_OP1_203_41097_20130427_231917_O3_scripted.sph	41097	20130427	231917	41097	inLine	VIENTIANE	M	CAR_KIT	31	LAOTEL	SAMSUNG	51280	8000
BABEL_OP1_203_41097_20130427_231909_C2_scripted.sph	41097	20130427	231909	41097	inLine	VIENTIANE	M	CAR_KIT	31	LAOTEL	SAMSUNG	67360	8000
BABEL_OP1_203_41097_20130427_232122_D2_scripted.sph	41097	20130427	232122	41097	inLine	VIENTIANE	M	CAR_KIT	31	LAOTEL	SAMSUNG	67360	8000
BABEL_OP1_203_41097_20130427_231624_D1_scripted.sph	41097	20130427	231624	41097	inLine	VIENTIANE	M	CAR_KIT	31	LAOTEL	SAMSUNG	100800	8000
BABEL_OP1_203_41097_20130427_232226_S4_scripted.sph	41097	20130427	232226	41097	inLine	VIENTIANE	M	CAR_KIT	31	LAOTEL	SAMSUNG	89360	8000
BABEL_OP1_203_41097_20130427_231502_O1_scripted.sph	41097	20130427	231502	41097	inLine	VIENTIANE	M	CAR_KIT	31	LAOTEL	SAMSUNG	42320	8000
BABEL_OP1_203_41097_20130427_232102_S5_scripted.sph	41097	20130427	232102	41097	inLine	VIENTIANE	M	CAR_KIT	31	LAOTEL	SAMSUNG	79440	8000
BABEL_OP1_203_41097_20130427_231514_O8_scripted.sph	41097	20130427	231514	41097	inLine	VIENTIANE	M	CAR_KIT	31	LAOTEL	SAMSUNG	51120	8000
BABEL_OP1_203_41097_20130427_231745_O2_scripted.sph	41097	20130427	231745	41097	inLine	VIENTIANE	M	CAR_KIT	31	LAOTEL	SAMSUNG	43120	8000
BABEL_OP1_203_41097_20130427_231737_T1_scripted.sph	41097	20130427	231737	41097	inLine	VIENTIANE	M	CAR_KIT	31	LAOTEL	SAMSUNG	67360	8000
BABEL_OP1_203_41097_20130427_231859_C1_scripted.sph	41097	20130427	231859	41097	inLine	VIENTIANE	M	CAR_KIT	31	LAOTEL	SAMSUNG	67360	8000
BABEL_OP1_203_41097_20130427_232309_S7_scripted.sph	41097	20130427	232309	41097	inLine	VIENTIANE	M	CAR_KIT	31	LAOTEL	SAMSUNG	97680	8000
BABEL_OP1_203_41097_20130427_231849_S8_scripted.sph	41097	20130427	231849	41097	inLine	VIENTIANE	M	CAR_KIT	31	LAOTEL	SAMSUNG	101120	8000
BABEL_OP1_203_41097_20130427_232155_A1_scripted.sph	41097	20130427	232155	41097	inLine	VIENTIANE	M	CAR_KIT	31	LAOTEL	SAMSUNG	45360	8000
BABEL_OP1_203_41097_20130427_231949_O6_scripted.sph	41097	20130427	231949	41097	inLine	VIENTIANE	M	CAR_KIT	31	LAOTEL	SAMSUNG	67360	8000
BABEL_OP1_203_41097_20130427_232236_N1_scripted.sph	41097	20130427	232236	41097	inLine	VIENTIANE	M	CAR_KIT	31	LAOTEL	SAMSUNG	67360	8000
BABEL_OP1_203_41097_20130427_231637_C6_scripted.sph	41097	20130427	231637	41097	inLine	VIENTIANE	M	CAR_KIT	31	LAOTEL	SAMSUNG	67360	8000
BABEL_OP1_203_41100_20130313_155202_D3_scripted.sph	41100	20130313	155202	41100	inLine	VIENTIANE	F	PUBLIC_PLACE	57	LAOTEL	NOKIA	62960	8000
BABEL_OP1_203_41100_20130313_155103_C4_scripted.sph	41100	20130313	155103	41100	inLine	VIENTIANE	F	PUBLIC_PLACE	57	LAOTEL	NOKIA	67200	8000
BABEL_OP1_203_41100_20130313_155152_S6_scripted.sph	41100	20130313	155152	41100	inLine	VIENTIANE	F	PUBLIC_PLACE	57	LAOTEL	NOKIA	52720	8000
BABEL_OP1_203_41100_20130313_155123_O6_scripted.sph	41100	20130313	155123	41100	inLine	VIENTIANE	F	PUBLIC_PLACE	57	LAOTEL	NOKIA	54640	8000
BABEL_OP1_203_41100_20130313_155338_S7_scripted.sph	41100	20130313	155338	41100	inLine	VIENTIANE	F	PUBLIC_PLACE	57	LAOTEL	NOKIA	86000	8000
BABEL_OP1_203_41100_20130313_154823_O8_scripted.sph	41100	20130313	154823	41100	inLine	VIENTIANE	F	PUBLIC_PLACE	57	LAOTEL	NOKIA	42480	8000
BABEL_OP1_203_41100_20130313_154835_D1_scripted.sph	41100	20130313	154835	41100	inLine	VIENTIANE	F	PUBLIC_PLACE	57	LAOTEL	NOKIA	74800	8000
BABEL_OP1_203_41100_20130313_155007_C2_scripted.sph	41100	20130313	155007	41100	inLine	VIENTIANE	F	PUBLIC_PLACE	57	LAOTEL	NOKIA	67360	8000
BABEL_OP1_203_41100_20130313_155325_N1_scripted.sph	41100	20130313	155325	41100	inLine	VIENTIANE	F	PUBLIC_PLACE	57	LAOTEL	NOKIA	61840	8000
BABEL_OP1_203_41100_20130313_155114_M1_scripted.sph	41100	20130313	155114	41100	inLine	VIENTIANE	F	PUBLIC_PLACE	57	LAOTEL	NOKIA	67360	8000
BABEL_OP1_203_41100_20130313_154847_C6_scripted.sph	41100	20130313	154847	41100	inLine	VIENTIANE	F	PUBLIC_PLACE	57	LAOTEL	NOKIA	53520	8000
BABEL_OP1_203_41100_20130313_154957_C1_scripted.sph	41100	20130313	154957	41100	inLine	VIENTIANE	F	PUBLIC_PLACE	57	LAOTEL	NOKIA	67360	8000
BABEL_OP1_203_41100_20130313_155351_S9_scripted.sph	41100	20130313	155351	41100	inLine	VIENTIANE	F	PUBLIC_PLACE	57	LAOTEL	NOKIA	85520	8000
BABEL_OP1_203_41100_20130313_155215_S5_scripted.sph	41100	20130313	155215	41100	inLine	VIENTIANE	F	PUBLIC_PLACE	57	LAOTEL	NOKIA	85520	8000
BABEL_OP1_203_41100_20130313_154855_T1_scripted.sph	41100	20130313	154855	41100	inLine	VIENTIANE	F	PUBLIC_PLACE	57	LAOTEL	NOKIA	40560	8000
BABEL_OP1_203_41100_20130313_155256_S1_scripted.sph	41100	20130313	155256	41100	inLine	VIENTIANE	F	PUBLIC_PLACE	57	LAOTEL	NOKIA	101120	8000
BABEL_OP1_203_41100_20130313_155134_S2_scripted.sph	41100	20130313	155134	41100	inLine	VIENTIANE	F	PUBLIC_PLACE	57	LAOTEL	NOKIA	74480	8000
BABEL_OP1_203_41100_20130313_155242_S3_scripted.sph	41100	20130313	155242	41100	inLine	VIENTIANE	F	PUBLIC_PLACE	57	LAOTEL	NOKIA	43120	8000
BABEL_OP1_203_41100_20130313_155303_A1_scripted.sph	41100	20130313	155303	41100	inLine	VIENTIANE	F	PUBLIC_PLACE	57	LAOTEL	NOKIA	31760	8000
BABEL_OP1_203_41100_20130313_155351_R1_scripted.sph	41100	20130313	155351	41100	inLine	VIENTIANE	F	PUBLIC_PLACE	57	LAOTEL	NOKIA	85520	8000
BABEL_OP1_203_41100_20130313_154813_O1_scripted.sph	41100	20130313	154813	41100	inLine	VIENTIANE	F	PUBLIC_PLACE	57	LAOTEL	NOKIA	22160	8000
BABEL_OP1_203_41100_20130313_155017_O3_scripted.sph	41100	20130313	155017	41100	inLine	VIENTIANE	F	PUBLIC_PLACE	57	LAOTEL	NOKIA	67360	8000
BABEL_OP1_203_41100_20130313_154933_S8_scripted.sph	41100	20130313	154933	41100	inLine	VIENTIANE	F	PUBLIC_PLACE	57	LAOTEL	NOKIA	101120	8000
BABEL_OP1_203_41100_20130313_155234_D2_scripted.sph	41100	20130313	155234	41100	inLine	VIENTIANE	F	PUBLIC_PLACE	57	LAOTEL	NOKIA	67360	8000
BABEL_OP1_203_41100_20130313_155143_O5_scripted.sph	41100	20130313	155143	41100	inLine	VIENTIANE	F	PUBLIC_PLACE	57	LAOTEL	NOKIA	51120	8000
BABEL_OP1_203_41100_20130313_155315_S4_scripted.sph	41100	20130313	155315	41100	inLine	VIENTIANE	F	PUBLIC_PLACE	57	LAOTEL	NOKIA	82640	8000
BABEL_OP1_203_41100_20130313_154903_O2_scripted.sph	41100	20130313	154903	41100	inLine	VIENTIANE	F	PUBLIC_PLACE	57	LAOTEL	NOKIA	35120	8000
BABEL_OP1_203_41100_20130313_155224_T2_scripted.sph	41100	20130313	155224	41100	inLine	VIENTIANE	F	PUBLIC_PLACE	57	LAOTEL	NOKIA	54480	8000
BABEL_OP1_203_41680_20130304_130404_S6_scripted.sph	41680	20130304	130404	41680	inLine	VIENTIANE	M	HOME_OFFICE_LANDLINE	16	LAOTEL	LG	83280	8000
BABEL_OP1_203_41680_20130304_130346_S2_scripted.sph	41680	20130304	130346	41680	inLine	VIENTIANE	M	HOME_OFFICE_LANDLINE	16	LAOTEL	LG	41360	8000
BABEL_OP1_203_41680_20130304_130554_S9_scripted.sph	41680	20130304	130554	41680	inLine	VIENTIANE	M	HOME_OFFICE_LANDLINE	16	LAOTEL	LG	45520	8000
BABEL_OP1_203_41680_20130304_130554_R1_scripted.sph	41680	20130304	130554	41680	inLine	VIENTIANE	M	HOME_OFFICE_LANDLINE	16	LAOTEL	LG	45520	8000
BABEL_OP1_203_41680_20130304_130519_A1_scripted.sph	41680	20130304	130519	41680	inLine	VIENTIANE	M	HOME_OFFICE_LANDLINE	16	LAOTEL	LG	38800	8000
BABEL_OP1_203_41680_20130304_130546_S7_scripted.sph	41680	20130304	130546	41680	inLine	VIENTIANE	M	HOME_OFFICE_LANDLINE	16	LAOTEL	LG	60080	8000
BABEL_OP1_203_41680_20130304_130448_S3_scripted.sph	41680	20130304	130448	41680	inLine	VIENTIANE	M	HOME_OFFICE_LANDLINE	16	LAOTEL	LG	45840	8000
BABEL_OP1_203_41680_20130304_130226_O2_scripted.sph	41680	20130304	130226	41680	inLine	VIENTIANE	M	HOME_OFFICE_LANDLINE	16	LAOTEL	LG	58880	8000
BABEL_OP1_203_41680_20130304_130114_C6_scripted.sph	41680	20130304	130114	41680	inLine	VIENTIANE	M	HOME_OFFICE_LANDLINE	16	LAOTEL	LG	44240	8000
BABEL_OP1_203_41680_20130304_130323_C4_scripted.sph	41680	20130304	130323	41680	inLine	VIENTIANE	M	HOME_OFFICE_LANDLINE	16	LAOTEL	LG	46160	8000
BABEL_OP1_203_41680_20130304_130440_D2_scripted.sph	41680	20130304	130440	41680	inLine	VIENTIANE	M	HOME_OFFICE_LANDLINE	16	LAOTEL	LG	64880	8000
BABEL_OP1_203_41680_20130304_130121_T1_scripted.sph	41680	20130304	130121	41680	inLine	VIENTIANE	M	HOME_OFFICE_LANDLINE	16	LAOTEL	LG	37360	8000
BABEL_OP1_203_41680_20130304_130430_T2_scripted.sph	41680	20130304	130430	41680	inLine	VIENTIANE	M	HOME_OFFICE_LANDLINE	16	LAOTEL	LG	45840	8000
BABEL_OP1_203_41680_20130304_130045_O1_scripted.sph	41680	20130304	130045	41680	inLine	VIENTIANE	M	HOME_OFFICE_LANDLINE	16	LAOTEL	LG	22160	8000
BABEL_OP1_203_41680_20130304_130529_S4_scripted.sph	41680	20130304	130529	41680	inLine	VIENTIANE	M	HOME_OFFICE_LANDLINE	16	LAOTEL	LG	61040	8000
BABEL_OP1_203_41680_20130304_130331_M1_scripted.sph	41680	20130304	130331	41680	inLine	VIENTIANE	M	HOME_OFFICE_LANDLINE	16	LAOTEL	LG	47600	8000
BABEL_OP1_203_41680_20130304_130500_S1_scripted.sph	41680	20130304	130500	41680	inLine	VIENTIANE	M	HOME_OFFICE_LANDLINE	16	LAOTEL	LG	78000	8000
BABEL_OP1_203_41680_20130304_130537_N1_scripted.sph	41680	20130304	130537	41680	inLine	VIENTIANE	M	HOME_OFFICE_LANDLINE	16	LAOTEL	LG	43920	8000
BABEL_OP1_203_41680_20130304_130411_D3_scripted.sph	41680	20130304	130411	41680	inLine	VIENTIANE	M	HOME_OFFICE_LANDLINE	16	LAOTEL	LG	34160	8000
BABEL_OP1_203_41680_20130304_130338_O6_scripted.sph	41680	20130304	130338	41680	inLine	VIENTIANE	M	HOME_OFFICE_LANDLINE	16	LAOTEL	LG	41360	8000
BABEL_OP1_203_41680_20130304_130252_S8_scripted.sph	41680	20130304	130252	41680	inLine	VIENTIANE	M	HOME_OFFICE_LANDLINE	16	LAOTEL	LG	61040	8000
BABEL_OP1_203_41680_20130304_130103_D1_scripted.sph	41680	20130304	130103	41680	inLine	VIENTIANE	M	HOME_OFFICE_LANDLINE	16	LAOTEL	LG	36560	8000
BABEL_OP1_203_41680_20130304_130352_O5_scripted.sph	41680	20130304	130352	41680	inLine	VIENTIANE	M	HOME_OFFICE_LANDLINE	16	LAOTEL	LG	32880	8000
BABEL_OP1_203_41680_20130304_130309_C2_scripted.sph	41680	20130304	130309	41680	inLine	VIENTIANE	M	HOME_OFFICE_LANDLINE	16	LAOTEL	LG	67360	8000
BABEL_OP1_203_41680_20130304_130259_C1_scripted.sph	41680	20130304	130259	41680	inLine	VIENTIANE	M	HOME_OFFICE_LANDLINE	16	LAOTEL	LG	40080	8000
BABEL_OP1_203_41680_20130304_130314_O3_scripted.sph	41680	20130304	130314	41680	inLine	VIENTIANE	M	HOME_OFFICE_LANDLINE	16	LAOTEL	LG	31600	8000
BABEL_OP1_203_41680_20130304_130055_O8_scripted.sph	41680	20130304	130055	41680	inLine	VIENTIANE	M	HOME_OFFICE_LANDLINE	16	LAOTEL	LG	36560	8000
BABEL_OP1_203_41680_20130304_130422_S5_scripted.sph	41680	20130304	130422	41680	inLine	VIENTIANE	M	HOME_OFFICE_LANDLINE	16	LAOTEL	LG	67760	8000
BABEL_OP1_203_42126_20130805_215133_S9_scripted.sph	42126	20130805	215133	42126	inLine	VIENTIANE	F	MICROPHONE	46	LAOTEL	NOKIA	90320	8000
BABEL_OP1_203_42126_20130805_214527_O2_scripted.sph	42126	20130805	214527	42126	inLine	VIENTIANE	F	MICROPHONE	46	LAOTEL	NOKIA	40240	8000
BABEL_OP1_203_42126_20130805_214724_S2_scripted.sph	42126	20130805	214724	42126	inLine	VIENTIANE	F	MICROPHONE	46	LAOTEL	NOKIA	66800	8000
BABEL_OP1_203_42126_20130805_214944_S1_scripted.sph	42126	20130805	214944	42126	inLine	VIENTIANE	F	MICROPHONE	46	LAOTEL	NOKIA	100960	8000
BABEL_OP1_203_42126_20130805_214654_C4_scripted.sph	42126	20130805	214654	42126	inLine	VIENTIANE	F	MICROPHONE	46	LAOTEL	NOKIA	63280	8000
BABEL_OP1_203_42126_20130805_214510_C6_scripted.sph	42126	20130805	214510	42126	inLine	VIENTIANE	F	MICROPHONE	46	LAOTEL	NOKIA	62000	8000
BABEL_OP1_203_42126_20130805_214929_S3_scripted.sph	42126	20130805	214929	42126	inLine	VIENTIANE	F	MICROPHONE	46	LAOTEL	NOKIA	100960	8000
BABEL_OP1_203_42126_20130805_214411_O1_scripted.sph	42126	20130805	214411	42126	inLine	VIENTIANE	F	MICROPHONE	46	LAOTEL	NOKIA	38160	8000
BABEL_OP1_203_42126_20130805_214800_D3_scripted.sph	42126	20130805	214800	42126	inLine	VIENTIANE	F	MICROPHONE	46	LAOTEL	NOKIA	34800	8000
BABEL_OP1_203_42126_20130805_214643_O3_scripted.sph	42126	20130805	214643	42126	inLine	VIENTIANE	F	MICROPHONE	46	LAOTEL	NOKIA	35120	8000
BABEL_OP1_203_42126_20130805_214628_C2_scripted.sph	42126	20130805	214628	42126	inLine	VIENTIANE	F	MICROPHONE	46	LAOTEL	NOKIA	67360	8000
BABEL_OP1_203_42126_20130805_214845_D2_scripted.sph	42126	20130805	214845	42126	inLine	VIENTIANE	F	MICROPHONE	46	LAOTEL	NOKIA	67360	8000
BABEL_OP1_203_42126_20130805_214734_O5_scripted.sph	42126	20130805	214734	42126	inLine	VIENTIANE	F	MICROPHONE	46	LAOTEL	NOKIA	67200	8000
BABEL_OP1_203_42126_20130805_214745_S6_scripted.sph	42126	20130805	214745	42126	inLine	VIENTIANE	F	MICROPHONE	46	LAOTEL	NOKIA	72400	8000
BABEL_OP1_203_42126_20130805_214952_A1_scripted.sph	42126	20130805	214952	42126	inLine	VIENTIANE	F	MICROPHONE	46	LAOTEL	NOKIA	43280	8000
BABEL_OP1_203_42126_20130805_214422_O8_scripted.sph	42126	20130805	214422	42126	inLine	VIENTIANE	F	MICROPHONE	46	LAOTEL	NOKIA	42160	8000
BABEL_OP1_203_42126_20130805_215110_N1_scripted.sph	42126	20130805	215110	42126	inLine	VIENTIANE	F	MICROPHONE	46	LAOTEL	NOKIA	67200	8000
BABEL_OP1_203_42126_20130805_214558_S8_scripted.sph	42126	20130805	214558	42126	inLine	VIENTIANE	F	MICROPHONE	46	LAOTEL	NOKIA	96720	8000
BABEL_OP1_203_42126_20130805_215119_S7_scripted.sph	42126	20130805	215119	42126	inLine	VIENTIANE	F	MICROPHONE	46	LAOTEL	NOKIA	61040	8000
BABEL_OP1_203_42126_20130805_214519_T1_scripted.sph	42126	20130805	214519	42126	inLine	VIENTIANE	F	MICROPHONE	46	LAOTEL	NOKIA	54320	8000
BABEL_OP1_203_42126_20130805_214713_O6_scripted.sph	42126	20130805	214713	42126	inLine	VIENTIANE	F	MICROPHONE	46	LAOTEL	NOKIA	51760	8000
BABEL_OP1_203_42126_20130805_214606_C1_scripted.sph	42126	20130805	214606	42126	inLine	VIENTIANE	F	MICROPHONE	46	LAOTEL	NOKIA	47120	8000
BABEL_OP1_203_42126_20130805_214820_T2_scripted.sph	42126	20130805	214820	42126	inLine	VIENTIANE	F	MICROPHONE	46	LAOTEL	NOKIA	67200	8000
BABEL_OP1_203_42126_20130805_215133_R1_scripted.sph	42126	20130805	215133	42126	inLine	VIENTIANE	F	MICROPHONE	46	LAOTEL	NOKIA	90320	8000
BABEL_OP1_203_42126_20130805_214810_S5_scripted.sph	42126	20130805	214810	42126	inLine	VIENTIANE	F	MICROPHONE	46	LAOTEL	NOKIA	54800	8000
BABEL_OP1_203_42126_20130805_214457_D1_scripted.sph	42126	20130805	214457	42126	inLine	VIENTIANE	F	MICROPHONE	46	LAOTEL	NOKIA	77520	8000
BABEL_OP1_203_42126_20130805_215007_S4_scripted.sph	42126	20130805	215007	42126	inLine	VIENTIANE	F	MICROPHONE	46	LAOTEL	NOKIA	100960	8000
BABEL_OP1_203_42126_20130805_214704_M1_scripted.sph	42126	20130805	214704	42126	inLine	VIENTIANE	F	MICROPHONE	46	LAOTEL	NOKIA	67520	8000
BABEL_OP1_203_42243_20130313_171601_S3_scripted.sph	42243	20130313	171601	42243	inLine	VIENTIANE	F	PUBLIC_PLACE	38	LAOTEL	NOKIA	100960	8000
BABEL_OP1_203_42243_20130313_171616_S1_scripted.sph	42243	20130313	171616	42243	inLine	VIENTIANE	F	PUBLIC_PLACE	38	LAOTEL	NOKIA	100960	8000
BABEL_OP1_203_42243_20130313_171203_O8_scripted.sph	42243	20130313	171203	42243	inLine	VIENTIANE	F	PUBLIC_PLACE	38	LAOTEL	NOKIA	67360	8000
BABEL_OP1_203_42243_20130313_171438_S2_scripted.sph	42243	20130313	171438	42243	inLine	VIENTIANE	F	PUBLIC_PLACE	38	LAOTEL	NOKIA	100960	8000
BABEL_OP1_203_42243_20130313_171352_O3_scripted.sph	42243	20130313	171352	42243	inLine	VIENTIANE	F	PUBLIC_PLACE	38	LAOTEL	NOKIA	67360	8000
BABEL_OP1_203_42243_20130313_171546_D2_scripted.sph	42243	20130313	171546	42243	inLine	VIENTIANE	F	PUBLIC_PLACE	38	LAOTEL	NOKIA	67360	8000
BABEL_OP1_203_42243_20130313_171705_S7_scripted.sph	42243	20130313	171705	42243	inLine	VIENTIANE	F	PUBLIC_PLACE	38	LAOTEL	NOKIA	100960	8000
BABEL_OP1_203_42243_20130313_171625_A1_scripted.sph	42243	20130313	171625	42243	inLine	VIENTIANE	F	PUBLIC_PLACE	38	LAOTEL	NOKIA	57840	8000
BABEL_OP1_203_42243_20130313_171526_S5_scripted.sph	42243	20130313	171526	42243	inLine	VIENTIANE	F	PUBLIC_PLACE	38	LAOTEL	NOKIA	83120	8000
BABEL_OP1_203_42243_20130313_171150_O1_scripted.sph	42243	20130313	171150	42243	inLine	VIENTIANE	F	PUBLIC_PLACE	38	LAOTEL	NOKIA	67360	8000
BABEL_OP1_203_42243_20130313_171251_O2_scripted.sph	42243	20130313	171251	42243	inLine	VIENTIANE	F	PUBLIC_PLACE	38	LAOTEL	NOKIA	58720	8000
BABEL_OP1_203_42243_20130313_171332_C1_scripted.sph	42243	20130313	171332	42243	inLine	VIENTIANE	F	PUBLIC_PLACE	38	LAOTEL	NOKIA	67360	8000
BABEL_OP1_203_42243_20130313_171650_N1_scripted.sph	42243	20130313	171650	42243	inLine	VIENTIANE	F	PUBLIC_PLACE	38	LAOTEL	NOKIA	67360	8000
BABEL_OP1_203_42243_20130313_171640_S4_scripted.sph	42243	20130313	171640	42243	inLine	VIENTIANE	F	PUBLIC_PLACE	38	LAOTEL	NOKIA	100960	8000
BABEL_OP1_203_42243_20130313_171402_C4_scripted.sph	42243	20130313	171402	42243	inLine	VIENTIANE	F	PUBLIC_PLACE	38	LAOTEL	NOKIA	67360	8000
BABEL_OP1_203_42243_20130313_171536_T2_scripted.sph	42243	20130313	171536	42243	inLine	VIENTIANE	F	PUBLIC_PLACE	38	LAOTEL	NOKIA	67200	8000
BABEL_OP1_203_42243_20130313_171513_D3_scripted.sph	42243	20130313	171513	42243	inLine	VIENTIANE	F	PUBLIC_PLACE	38	LAOTEL	NOKIA	67360	8000
BABEL_OP1_203_42243_20130313_171241_T1_scripted.sph	42243	20130313	171241	42243	inLine	VIENTIANE	F	PUBLIC_PLACE	38	LAOTEL	NOKIA	67360	8000
BABEL_OP1_203_42243_20130313_171322_S8_scripted.sph	42243	20130313	171322	42243	inLine	VIENTIANE	F	PUBLIC_PLACE	38	LAOTEL	NOKIA	101120	8000
BABEL_OP1_203_42243_20130313_171342_C2_scripted.sph	42243	20130313	171342	42243	inLine	VIENTIANE	F	PUBLIC_PLACE	38	LAOTEL	NOKIA	67360	8000
BABEL_OP1_203_42243_20130313_171719_R1_scripted.sph	42243	20130313	171719	42243	inLine	VIENTIANE	F	PUBLIC_PLACE	38	LAOTEL	NOKIA	100960	8000
BABEL_OP1_203_42243_20130313_171719_S9_scripted.sph	42243	20130313	171719	42243	inLine	VIENTIANE	F	PUBLIC_PLACE	38	LAOTEL	NOKIA	100960	8000
BABEL_OP1_203_42243_20130313_171216_D1_scripted.sph	42243	20130313	171216	42243	inLine	VIENTIANE	F	PUBLIC_PLACE	38	LAOTEL	NOKIA	78800	8000
BABEL_OP1_203_42243_20130313_171448_O5_scripted.sph	42243	20130313	171448	42243	inLine	VIENTIANE	F	PUBLIC_PLACE	38	LAOTEL	NOKIA	67360	8000
BABEL_OP1_203_42243_20130313_171423_O6_scripted.sph	42243	20130313	171423	42243	inLine	VIENTIANE	F	PUBLIC_PLACE	38	LAOTEL	NOKIA	67360	8000
BABEL_OP1_203_42243_20130313_171503_S6_scripted.sph	42243	20130313	171503	42243	inLine	VIENTIANE	F	PUBLIC_PLACE	38	LAOTEL	NOKIA	100960	8000
BABEL_OP1_203_42243_20130313_171230_C6_scripted.sph	42243	20130313	171230	42243	inLine	VIENTIANE	F	PUBLIC_PLACE	38	LAOTEL	NOKIA	67360	8000
BABEL_OP1_203_42243_20130313_171413_M1_scripted.sph	42243	20130313	171413	42243	inLine	VIENTIANE	F	PUBLIC_PLACE	38	LAOTEL	NOKIA	67200	8000
BABEL_OP1_203_42883_20130729_172221_O2_scripted.sph	42883	20130729	172221	42883	inLine	VIENTIANE	M	MICROPHONE	58	LAOTEL	NOKIA	39600	8000
BABEL_OP1_203_42883_20130729_172543_S4_scripted.sph	42883	20130729	172543	42883	inLine	VIENTIANE	M	MICROPHONE	58	LAOTEL	NOKIA	69360	8000
BABEL_OP1_203_42883_20130729_172617_S9_scripted.sph	42883	20130729	172617	42883	inLine	VIENTIANE	M	MICROPHONE	58	LAOTEL	NOKIA	75600	8000
BABEL_OP1_203_42883_20130729_172334_M1_scripted.sph	42883	20130729	172334	42883	inLine	VIENTIANE	M	MICROPHONE	58	LAOTEL	NOKIA	64560	8000
BABEL_OP1_203_42883_20130729_172553_N1_scripted.sph	42883	20130729	172553	42883	inLine	VIENTIANE	M	MICROPHONE	58	LAOTEL	NOKIA	67360	8000
BABEL_OP1_203_42883_20130729_172605_S7_scripted.sph	42883	20130729	172605	42883	inLine	VIENTIANE	M	MICROPHONE	58	LAOTEL	NOKIA	77360	8000
BABEL_OP1_203_42883_20130729_172315_O3_scripted.sph	42883	20130729	172315	42883	inLine	VIENTIANE	M	MICROPHONE	58	LAOTEL	NOKIA	40560	8000
BABEL_OP1_203_42883_20130729_172258_C1_scripted.sph	42883	20130729	172258	42883	inLine	VIENTIANE	M	MICROPHONE	58	LAOTEL	NOKIA	55120	8000
BABEL_OP1_203_42883_20130729_172202_C6_scripted.sph	42883	20130729	172202	42883	inLine	VIENTIANE	M	MICROPHONE	58	LAOTEL	NOKIA	22160	8000
BABEL_OP1_203_42883_20130729_172514_S3_scripted.sph	42883	20130729	172514	42883	inLine	VIENTIANE	M	MICROPHONE	58	LAOTEL	NOKIA	100960	8000
BABEL_OP1_203_42883_20130729_172249_S8_scripted.sph	42883	20130729	172249	42883	inLine	VIENTIANE	M	MICROPHONE	58	LAOTEL	NOKIA	72720	8000
BABEL_OP1_203_42883_20130729_172459_D2_scripted.sph	42883	20130729	172459	42883	inLine	VIENTIANE	M	MICROPHONE	58	LAOTEL	NOKIA	67360	8000
BABEL_OP1_203_42883_20130729_172357_S2_scripted.sph	42883	20130729	172357	42883	inLine	VIENTIANE	M	MICROPHONE	58	LAOTEL	NOKIA	100960	8000
BABEL_OP1_203_42883_20130729_172421_S6_scripted.sph	42883	20130729	172421	42883	inLine	VIENTIANE	M	MICROPHONE	58	LAOTEL	NOKIA	93200	8000
BABEL_OP1_203_42883_20130729_172438_S5_scripted.sph	42883	20130729	172438	42883	inLine	VIENTIANE	M	MICROPHONE	58	LAOTEL	NOKIA	64880	8000
BABEL_OP1_203_42883_20130729_172213_T1_scripted.sph	42883	20130729	172213	42883	inLine	VIENTIANE	M	MICROPHONE	58	LAOTEL	NOKIA	67360	8000
BABEL_OP1_203_42883_20130729_172307_C2_scripted.sph	42883	20130729	172307	42883	inLine	VIENTIANE	M	MICROPHONE	58	LAOTEL	NOKIA	67360	8000
BABEL_OP1_203_42883_20130729_172449_T2_scripted.sph	42883	20130729	172449	42883	inLine	VIENTIANE	M	MICROPHONE	58	LAOTEL	NOKIA	67360	8000
BABEL_OP1_203_42883_20130729_172324_C4_scripted.sph	42883	20130729	172324	42883	inLine	VIENTIANE	M	MICROPHONE	58	LAOTEL	NOKIA	57200	8000
BABEL_OP1_203_42883_20130729_172525_S1_scripted.sph	42883	20130729	172525	42883	inLine	VIENTIANE	M	MICROPHONE	58	LAOTEL	NOKIA	69680	8000
BABEL_OP1_203_42883_20130729_172617_R1_scripted.sph	42883	20130729	172617	42883	inLine	VIENTIANE	M	MICROPHONE	58	LAOTEL	NOKIA	75600	8000
BABEL_OP1_203_42883_20130729_172428_D3_scripted.sph	42883	20130729	172428	42883	inLine	VIENTIANE	M	MICROPHONE	58	LAOTEL	NOKIA	38960	8000
BABEL_OP1_203_42883_20130729_172343_O6_scripted.sph	42883	20130729	172343	42883	inLine	VIENTIANE	M	MICROPHONE	58	LAOTEL	NOKIA	49680	8000
BABEL_OP1_203_42883_20130729_172154_D1_scripted.sph	42883	20130729	172154	42883	inLine	VIENTIANE	M	MICROPHONE	58	LAOTEL	NOKIA	70960	8000
BABEL_OP1_203_42883_20130729_172532_A1_scripted.sph	42883	20130729	172532	42883	inLine	VIENTIANE	M	MICROPHONE	58	LAOTEL	NOKIA	40240	8000
BABEL_OP1_203_42883_20130729_172142_O8_scripted.sph	42883	20130729	172142	42883	inLine	VIENTIANE	M	MICROPHONE	58	LAOTEL	NOKIA	45360	8000
BABEL_OP1_203_42883_20130729_172131_O1_scripted.sph	42883	20130729	172131	42883	inLine	VIENTIANE	M	MICROPHONE	58	LAOTEL	NOKIA	43440	8000
BABEL_OP1_203_42883_20130729_172407_O5_scripted.sph	42883	20130729	172407	42883	inLine	VIENTIANE	M	MICROPHONE	58	LAOTEL	NOKIA	59120	8000
BABEL_OP1_203_44477_20130331_184250_C6_scripted.sph	44477	20130331	184250	44477	inLine	VIENTIANE	M	HOME_OFFICE_MOBILE	19	LAOTEL	NOKIA	67360	8000
BABEL_OP1_203_44477_20130331_184501_O5_scripted.sph	44477	20130331	184501	44477	inLine	VIENTIANE	M	HOME_OFFICE_MOBILE	19	LAOTEL	NOKIA	45680	8000
BABEL_OP1_203_44477_20130331_184804_S7_scripted.sph	44477	20130331	184804	44477	inLine	VIENTIANE	M	HOME_OFFICE_MOBILE	19	LAOTEL	NOKIA	58800	8000
BABEL_OP1_203_44477_20130331_184226_O8_scripted.sph	44477	20130331	184226	44477	inLine	VIENTIANE	M	HOME_OFFICE_MOBILE	19	LAOTEL	NOKIA	38640	8000
BABEL_OP1_203_44477_20130331_184407_C2_scripted.sph	44477	20130331	184407	44477	inLine	VIENTIANE	M	HOME_OFFICE_MOBILE	19	LAOTEL	NOKIA	59440	8000
BABEL_OP1_203_44477_20130331_184358_C1_scripted.sph	44477	20130331	184358	44477	inLine	VIENTIANE	M	HOME_OFFICE_MOBILE	19	LAOTEL	NOKIA	46800	8000
BABEL_OP1_203_44477_20130331_184710_S1_scripted.sph	44477	20130331	184710	44477	inLine	VIENTIANE	M	HOME_OFFICE_MOBILE	19	LAOTEL	NOKIA	98160	8000
BABEL_OP1_203_44477_20130331_184511_S6_scripted.sph	44477	20130331	184511	44477	inLine	VIENTIANE	M	HOME_OFFICE_MOBILE	19	LAOTEL	NOKIA	64720	8000
BABEL_OP1_203_44477_20130331_184722_A1_scripted.sph	44477	20130331	184722	44477	inLine	VIENTIANE	M	HOME_OFFICE_MOBILE	19	LAOTEL	NOKIA	75920	8000
BABEL_OP1_203_44477_20130331_184236_D1_scripted.sph	44477	20130331	184236	44477	inLine	VIENTIANE	M	HOME_OFFICE_MOBILE	19	LAOTEL	NOKIA	54800	8000
BABEL_OP1_203_44477_20130331_184732_S4_scripted.sph	44477	20130331	184732	44477	inLine	VIENTIANE	M	HOME_OFFICE_MOBILE	19	LAOTEL	NOKIA	56080	8000
BABEL_OP1_203_44477_20130331_184643_D2_scripted.sph	44477	20130331	184643	44477	inLine	VIENTIANE	M	HOME_OFFICE_MOBILE	19	LAOTEL	NOKIA	67200	8000
BABEL_OP1_203_44477_20130331_184316_T1_scripted.sph	44477	20130331	184316	44477	inLine	VIENTIANE	M	HOME_OFFICE_MOBILE	19	LAOTEL	NOKIA	54480	8000
BABEL_OP1_203_44477_20130331_184414_O3_scripted.sph	44477	20130331	184414	44477	inLine	VIENTIANE	M	HOME_OFFICE_MOBILE	19	LAOTEL	NOKIA	40560	8000
BABEL_OP1_203_44477_20130331_184324_O2_scripted.sph	44477	20130331	184324	44477	inLine	VIENTIANE	M	HOME_OFFICE_MOBILE	19	LAOTEL	NOKIA	41680	8000
BABEL_OP1_203_44477_20130331_184755_N1_scripted.sph	44477	20130331	184755	44477	inLine	VIENTIANE	M	HOME_OFFICE_MOBILE	19	LAOTEL	NOKIA	67360	8000
BABEL_OP1_203_44477_20130331_184519_D3_scripted.sph	44477	20130331	184519	44477	inLine	VIENTIANE	M	HOME_OFFICE_MOBILE	19	LAOTEL	NOKIA	41360	8000
BABEL_OP1_203_44477_20130331_184216_O1_scripted.sph	44477	20130331	184216	44477	inLine	VIENTIANE	M	HOME_OFFICE_MOBILE	19	LAOTEL	NOKIA	38800	8000
BABEL_OP1_203_44477_20130331_184424_C4_scripted.sph	44477	20130331	184424	44477	inLine	VIENTIANE	M	HOME_OFFICE_MOBILE	19	LAOTEL	NOKIA	59440	8000
BABEL_OP1_203_44477_20130331_184656_S3_scripted.sph	44477	20130331	184656	44477	inLine	VIENTIANE	M	HOME_OFFICE_MOBILE	19	LAOTEL	NOKIA	81680	8000
BABEL_OP1_203_44477_20130331_184434_M1_scripted.sph	44477	20130331	184434	44477	inLine	VIENTIANE	M	HOME_OFFICE_MOBILE	19	LAOTEL	NOKIA	67360	8000
BABEL_OP1_203_44477_20130331_184553_S5_scripted.sph	44477	20130331	184553	44477	inLine	VIENTIANE	M	HOME_OFFICE_MOBILE	19	LAOTEL	NOKIA	66000	8000
BABEL_OP1_203_44477_20130331_184453_S2_scripted.sph	44477	20130331	184453	44477	inLine	VIENTIANE	M	HOME_OFFICE_MOBILE	19	LAOTEL	NOKIA	51920	8000
BABEL_OP1_203_44477_20130331_184818_S9_scripted.sph	44477	20130331	184818	44477	inLine	VIENTIANE	M	HOME_OFFICE_MOBILE	19	LAOTEL	NOKIA	93680	8000
BABEL_OP1_203_44477_20130331_184350_S8_scripted.sph	44477	20130331	184350	44477	inLine	VIENTIANE	M	HOME_OFFICE_MOBILE	19	LAOTEL	NOKIA	56560	8000
BABEL_OP1_203_44477_20130331_184602_T2_scripted.sph	44477	20130331	184602	44477	inLine	VIENTIANE	M	HOME_OFFICE_MOBILE	19	LAOTEL	NOKIA	50960	8000
BABEL_OP1_203_44477_20130331_184818_R1_scripted.sph	44477	20130331	184818	44477	inLine	VIENTIANE	M	HOME_OFFICE_MOBILE	19	LAOTEL	NOKIA	93680	8000
BABEL_OP1_203_44477_20130331_184445_O6_scripted.sph	44477	20130331	184445	44477	inLine	VIENTIANE	M	HOME_OFFICE_MOBILE	19	LAOTEL	NOKIA	67360	8000
BABEL_OP1_203_45642_20130313_203049_A1_scripted.sph	45642	20130313	203049	45642	inLine	VIENTIANE	M	STREET	48	LAOTEL	NOKIA	37520	8000
BABEL_OP1_203_45642_20130313_202810_O2_scripted.sph	45642	20130313	202810	45642	inLine	VIENTIANE	M	STREET	48	LAOTEL	NOKIA	34960	8000
BABEL_OP1_203_45642_20130313_203059_S4_scripted.sph	45642	20130313	203059	45642	inLine	VIENTIANE	M	STREET	48	LAOTEL	NOKIA	66000	8000
BABEL_OP1_203_45642_20130313_202933_S2_scripted.sph	45642	20130313	202933	45642	inLine	VIENTIANE	M	STREET	48	LAOTEL	NOKIA	41200	8000
BABEL_OP1_203_45642_20130313_203042_S1_scripted.sph	45642	20130313	203042	45642	inLine	VIENTIANE	M	STREET	48	LAOTEL	NOKIA	50800	8000
BABEL_OP1_203_45642_20130313_203126_R1_scripted.sph	45642	20130313	203126	45642	inLine	VIENTIANE	M	STREET	48	LAOTEL	NOKIA	57200	8000
BABEL_OP1_203_45642_20130313_202911_C4_scripted.sph	45642	20130313	202911	45642	inLine	VIENTIANE	M	STREET	48	LAOTEL	NOKIA	37840	8000
BABEL_OP1_203_45642_20130313_202803_T1_scripted.sph	45642	20130313	202803	45642	inLine	VIENTIANE	M	STREET	48	LAOTEL	NOKIA	39440	8000
BABEL_OP1_203_45642_20130313_202919_M1_scripted.sph	45642	20130313	202919	45642	inLine	VIENTIANE	M	STREET	48	LAOTEL	NOKIA	46000	8000
BABEL_OP1_203_45642_20130313_202926_O6_scripted.sph	45642	20130313	202926	45642	inLine	VIENTIANE	M	STREET	48	LAOTEL	NOKIA	37040	8000
BABEL_OP1_203_45642_20130313_202841_S8_scripted.sph	45642	20130313	202841	45642	inLine	VIENTIANE	M	STREET	48	LAOTEL	NOKIA	98480	8000
BABEL_OP1_203_45642_20130313_203006_S5_scripted.sph	45642	20130313	203006	45642	inLine	VIENTIANE	M	STREET	48	LAOTEL	NOKIA	52560	8000
BABEL_OP1_203_45642_20130313_202858_C2_scripted.sph	45642	20130313	202858	45642	inLine	VIENTIANE	M	STREET	48	LAOTEL	NOKIA	58160	8000
BABEL_OP1_203_45642_20130313_203014_T2_scripted.sph	45642	20130313	203014	45642	inLine	VIENTIANE	M	STREET	48	LAOTEL	NOKIA	41360	8000
BABEL_OP1_203_45642_20130313_202728_O1_scripted.sph	45642	20130313	202728	45642	inLine	VIENTIANE	M	STREET	48	LAOTEL	NOKIA	22160	8000
BABEL_OP1_203_45642_20130313_202755_C6_scripted.sph	45642	20130313	202755	45642	inLine	VIENTIANE	M	STREET	48	LAOTEL	NOKIA	22160	8000
BABEL_OP1_203_45642_20130313_202940_O5_scripted.sph	45642	20130313	202940	45642	inLine	VIENTIANE	M	STREET	48	LAOTEL	NOKIA	37840	8000
BABEL_OP1_203_45642_20130313_203105_N1_scripted.sph	45642	20130313	203105	45642	inLine	VIENTIANE	M	STREET	48	LAOTEL	NOKIA	29360	8000
BABEL_OP1_203_45642_20130313_203126_S9_scripted.sph	45642	20130313	203126	45642	inLine	VIENTIANE	M	STREET	48	LAOTEL	NOKIA	57200	8000
BABEL_OP1_203_45642_20130313_202951_S6_scripted.sph	45642	20130313	202951	45642	inLine	VIENTIANE	M	STREET	48	LAOTEL	NOKIA	73200	8000
BABEL_OP1_203_45642_20130313_202738_O8_scripted.sph	45642	20130313	202738	45642	inLine	VIENTIANE	M	STREET	48	LAOTEL	NOKIA	32560	8000
BABEL_OP1_203_45642_20130313_202904_O3_scripted.sph	45642	20130313	202904	45642	inLine	VIENTIANE	M	STREET	48	LAOTEL	NOKIA	31280	8000
BABEL_OP1_203_45642_20130313_202747_D1_scripted.sph	45642	20130313	202747	45642	inLine	VIENTIANE	M	STREET	48	LAOTEL	NOKIA	49200	8000
BABEL_OP1_203_45642_20130313_203117_S7_scripted.sph	45642	20130313	203117	45642	inLine	VIENTIANE	M	STREET	48	LAOTEL	NOKIA	79440	8000
BABEL_OP1_203_45642_20130313_202958_D3_scripted.sph	45642	20130313	202958	45642	inLine	VIENTIANE	M	STREET	48	LAOTEL	NOKIA	33360	8000
BABEL_OP1_203_45642_20130313_202849_C1_scripted.sph	45642	20130313	202849	45642	inLine	VIENTIANE	M	STREET	48	LAOTEL	NOKIA	49200	8000
BABEL_OP1_203_45642_20130313_203033_S3_scripted.sph	45642	20130313	203033	45642	inLine	VIENTIANE	M	STREET	48	LAOTEL	NOKIA	51920	8000
BABEL_OP1_203_45642_20130313_203024_D2_scripted.sph	45642	20130313	203024	45642	inLine	VIENTIANE	M	STREET	48	LAOTEL	NOKIA	67360	8000
BABEL_OP1_203_46625_20130304_195952_S3_scripted.sph	46625	20130304	195952	46625	inLine	VIENTIANE	F	HOME_OFFICE_LANDLINE	34	LAOTEL	LG	49520	8000
BABEL_OP1_203_46625_20130304_200007_A1_scripted.sph	46625	20130304	200007	46625	inLine	VIENTIANE	F	HOME_OFFICE_LANDLINE	34	LAOTEL	LG	27120	8000
BABEL_OP1_203_46625_20130304_195647_O3_scripted.sph	46625	20130304	195647	46625	inLine	VIENTIANE	F	HOME_OFFICE_LANDLINE	34	LAOTEL	LG	22160	8000
BABEL_OP1_203_46625_20130304_200016_S4_scripted.sph	46625	20130304	200016	46625	inLine	VIENTIANE	F	HOME_OFFICE_LANDLINE	34	LAOTEL	LG	54000	8000
BABEL_OP1_203_46625_20130304_195802_S5_scripted.sph	46625	20130304	195802	46625	inLine	VIENTIANE	F	HOME_OFFICE_LANDLINE	34	LAOTEL	LG	67120	8000
BABEL_OP1_203_46625_20130304_200043_S9_scripted.sph	46625	20130304	200043	46625	inLine	VIENTIANE	F	HOME_OFFICE_LANDLINE	34	LAOTEL	LG	69200	8000
BABEL_OP1_203_46625_20130304_200043_R1_scripted.sph	46625	20130304	200043	46625	inLine	VIENTIANE	F	HOME_OFFICE_LANDLINE	34	LAOTEL	LG	69200	8000
BABEL_OP1_203_46625_20130304_195520_O2_scripted.sph	46625	20130304	195520	46625	inLine	VIENTIANE	F	HOME_OFFICE_LANDLINE	34	LAOTEL	LG	25840	8000
BABEL_OP1_203_46625_20130304_200001_S1_scripted.sph	46625	20130304	200001	46625	inLine	VIENTIANE	F	HOME_OFFICE_LANDLINE	34	LAOTEL	LG	57840	8000
BABEL_OP1_203_46625_20130304_195446_O8_scripted.sph	46625	20130304	195446	46625	inLine	VIENTIANE	F	HOME_OFFICE_LANDLINE	34	LAOTEL	LG	33200	8000
BABEL_OP1_203_46625_20130304_195514_T1_scripted.sph	46625	20130304	195514	46625	inLine	VIENTIANE	F	HOME_OFFICE_LANDLINE	34	LAOTEL	LG	32720	8000
BABEL_OP1_203_46625_20130304_195833_D2_scripted.sph	46625	20130304	195833	46625	inLine	VIENTIANE	F	HOME_OFFICE_LANDLINE	34	LAOTEL	LG	63440	8000
BABEL_OP1_203_46625_20130304_200032_S7_scripted.sph	46625	20130304	200032	46625	inLine	VIENTIANE	F	HOME_OFFICE_LANDLINE	34	LAOTEL	LG	58480	8000
BABEL_OP1_203_46625_20130304_195702_M1_scripted.sph	46625	20130304	195702	46625	inLine	VIENTIANE	F	HOME_OFFICE_LANDLINE	34	LAOTEL	LG	44880	8000
BABEL_OP1_203_46625_20130304_195751_D3_scripted.sph	46625	20130304	195751	46625	inLine	VIENTIANE	F	HOME_OFFICE_LANDLINE	34	LAOTEL	LG	30000	8000
BABEL_OP1_203_46625_20130304_195635_C1_scripted.sph	46625	20130304	195635	46625	inLine	VIENTIANE	F	HOME_OFFICE_LANDLINE	34	LAOTEL	LG	35280	8000
BABEL_OP1_203_46625_20130304_200022_N1_scripted.sph	46625	20130304	200022	46625	inLine	VIENTIANE	F	HOME_OFFICE_LANDLINE	34	LAOTEL	LG	32560	8000
BABEL_OP1_203_46625_20130304_195738_O5_scripted.sph	46625	20130304	195738	46625	inLine	VIENTIANE	F	HOME_OFFICE_LANDLINE	34	LAOTEL	LG	39280	8000
BABEL_OP1_203_46625_20130304_195808_T2_scripted.sph	46625	20130304	195808	46625	inLine	VIENTIANE	F	HOME_OFFICE_LANDLINE	34	LAOTEL	LG	34000	8000
BABEL_OP1_203_46625_20130304_195437_O1_scripted.sph	46625	20130304	195437	46625	inLine	VIENTIANE	F	HOME_OFFICE_LANDLINE	34	LAOTEL	LG	37360	8000
BABEL_OP1_203_46625_20130304_195628_S8_scripted.sph	46625	20130304	195628	46625	inLine	VIENTIANE	F	HOME_OFFICE_LANDLINE	34	LAOTEL	LG	56720	8000
BABEL_OP1_203_46625_20130304_195719_S2_scripted.sph	46625	20130304	195719	46625	inLine	VIENTIANE	F	HOME_OFFICE_LANDLINE	34	LAOTEL	LG	53680	8000
BABEL_OP1_203_46625_20130304_195507_C6_scripted.sph	46625	20130304	195507	46625	inLine	VIENTIANE	F	HOME_OFFICE_LANDLINE	34	LAOTEL	LG	48080	8000
BABEL_OP1_203_46625_20130304_195745_S6_scripted.sph	46625	20130304	195745	46625	inLine	VIENTIANE	F	HOME_OFFICE_LANDLINE	34	LAOTEL	LG	43120	8000
BABEL_OP1_203_46625_20130304_195456_D1_scripted.sph	46625	20130304	195456	46625	inLine	VIENTIANE	F	HOME_OFFICE_LANDLINE	34	LAOTEL	LG	49040	8000
BABEL_OP1_203_46625_20130304_195655_C4_scripted.sph	46625	20130304	195655	46625	inLine	VIENTIANE	F	HOME_OFFICE_LANDLINE	34	LAOTEL	LG	38960	8000
BABEL_OP1_203_46625_20130304_195643_C2_scripted.sph	46625	20130304	195643	46625	inLine	VIENTIANE	F	HOME_OFFICE_LANDLINE	34	LAOTEL	LG	50320	8000
BABEL_OP1_203_46625_20130304_195710_O6_scripted.sph	46625	20130304	195710	46625	inLine	VIENTIANE	F	HOME_OFFICE_LANDLINE	34	LAOTEL	LG	42480	8000
BABEL_OP1_203_46763_20130426_162035_C1_scripted.sph	46763	20130426	162035	46763	inLine	VIENTIANE	M	HOME_OFFICE_LANDLINE	32	LAOTEL	LG	48880	8000
BABEL_OP1_203_46763_20130426_162429_R1_scripted.sph	46763	20130426	162429	46763	inLine	VIENTIANE	M	HOME_OFFICE_LANDLINE	32	LAOTEL	LG	71760	8000
BABEL_OP1_203_46763_20130426_162026_S8_scripted.sph	46763	20130426	162026	46763	inLine	VIENTIANE	M	HOME_OFFICE_LANDLINE	32	LAOTEL	LG	74320	8000
BABEL_OP1_203_46763_20130426_162101_C4_scripted.sph	46763	20130426	162101	46763	inLine	VIENTIANE	M	HOME_OFFICE_LANDLINE	32	LAOTEL	LG	67360	8000
BABEL_OP1_203_46763_20130426_162314_D2_scripted.sph	46763	20130426	162314	46763	inLine	VIENTIANE	M	HOME_OFFICE_LANDLINE	32	LAOTEL	LG	67360	8000
BABEL_OP1_203_46763_20130426_162112_M1_scripted.sph	46763	20130426	162112	46763	inLine	VIENTIANE	M	HOME_OFFICE_LANDLINE	32	LAOTEL	LG	67200	8000
BABEL_OP1_203_46763_20130426_162304_T2_scripted.sph	46763	20130426	162304	46763	inLine	VIENTIANE	M	HOME_OFFICE_LANDLINE	32	LAOTEL	LG	55440	8000
BABEL_OP1_203_46763_20130426_162418_S7_scripted.sph	46763	20130426	162418	46763	inLine	VIENTIANE	M	HOME_OFFICE_LANDLINE	32	LAOTEL	LG	65040	8000
BABEL_OP1_203_46763_20130426_161917_C6_scripted.sph	46763	20130426	161917	46763	inLine	VIENTIANE	M	HOME_OFFICE_LANDLINE	32	LAOTEL	LG	57680	8000
BABEL_OP1_203_46763_20130426_162359_S4_scripted.sph	46763	20130426	162359	46763	inLine	VIENTIANE	M	HOME_OFFICE_LANDLINE	32	LAOTEL	LG	77520	8000
BABEL_OP1_203_46763_20130426_162245_D3_scripted.sph	46763	20130426	162245	46763	inLine	VIENTIANE	M	HOME_OFFICE_LANDLINE	32	LAOTEL	LG	38960	8000
BABEL_OP1_203_46763_20130426_161925_T1_scripted.sph	46763	20130426	161925	46763	inLine	VIENTIANE	M	HOME_OFFICE_LANDLINE	32	LAOTEL	LG	43760	8000
BABEL_OP1_203_46763_20130426_162150_S2_scripted.sph	46763	20130426	162150	46763	inLine	VIENTIANE	M	HOME_OFFICE_LANDLINE	32	LAOTEL	LG	79600	8000
BABEL_OP1_203_46763_20130426_161854_O8_scripted.sph	46763	20130426	161854	46763	inLine	VIENTIANE	M	HOME_OFFICE_LANDLINE	32	LAOTEL	LG	35120	8000
BABEL_OP1_203_46763_20130426_162051_O3_scripted.sph	46763	20130426	162051	46763	inLine	VIENTIANE	M	HOME_OFFICE_LANDLINE	32	LAOTEL	LG	37520	8000
BABEL_OP1_203_46763_20130426_162347_A1_scripted.sph	46763	20130426	162347	46763	inLine	VIENTIANE	M	HOME_OFFICE_LANDLINE	32	LAOTEL	LG	39440	8000
BABEL_OP1_203_46763_20130426_162408_N1_scripted.sph	46763	20130426	162408	46763	inLine	VIENTIANE	M	HOME_OFFICE_LANDLINE	32	LAOTEL	LG	53200	8000
BABEL_OP1_203_46763_20130426_161844_O1_scripted.sph	46763	20130426	161844	46763	inLine	VIENTIANE	M	HOME_OFFICE_LANDLINE	32	LAOTEL	LG	35920	8000
BABEL_OP1_203_46763_20130426_162429_S9_scripted.sph	46763	20130426	162429	46763	inLine	VIENTIANE	M	HOME_OFFICE_LANDLINE	32	LAOTEL	LG	71760	8000
BABEL_OP1_203_46763_20130426_162207_O5_scripted.sph	46763	20130426	162207	46763	inLine	VIENTIANE	M	HOME_OFFICE_LANDLINE	32	LAOTEL	LG	44080	8000
BABEL_OP1_203_46763_20130426_162122_O6_scripted.sph	46763	20130426	162122	46763	inLine	VIENTIANE	M	HOME_OFFICE_LANDLINE	32	LAOTEL	LG	61040	8000
BABEL_OP1_203_46763_20130426_161904_D1_scripted.sph	46763	20130426	161904	46763	inLine	VIENTIANE	M	HOME_OFFICE_LANDLINE	32	LAOTEL	LG	59280	8000
BABEL_OP1_203_46763_20130426_161959_O2_scripted.sph	46763	20130426	161959	46763	inLine	VIENTIANE	M	HOME_OFFICE_LANDLINE	32	LAOTEL	LG	41360	8000
BABEL_OP1_203_46763_20130426_162326_S3_scripted.sph	46763	20130426	162326	46763	inLine	VIENTIANE	M	HOME_OFFICE_LANDLINE	32	LAOTEL	LG	71440	8000
BABEL_OP1_203_46763_20130426_162238_S6_scripted.sph	46763	20130426	162238	46763	inLine	VIENTIANE	M	HOME_OFFICE_LANDLINE	32	LAOTEL	LG	94640	8000
BABEL_OP1_203_46763_20130426_162044_C2_scripted.sph	46763	20130426	162044	46763	inLine	VIENTIANE	M	HOME_OFFICE_LANDLINE	32	LAOTEL	LG	63280	8000
BABEL_OP1_203_46763_20130426_162340_S1_scripted.sph	46763	20130426	162340	46763	inLine	VIENTIANE	M	HOME_OFFICE_LANDLINE	32	LAOTEL	LG	94160	8000
BABEL_OP1_203_46763_20130426_162255_S5_scripted.sph	46763	20130426	162255	46763	inLine	VIENTIANE	M	HOME_OFFICE_LANDLINE	32	LAOTEL	LG	61680	8000
BABEL_OP1_203_49637_20130313_135522_C1_scripted.sph	49637	20130313	135522	49637	inLine	VIENTIANE	F	STREET	38	LAOTEL	SAMSUNG	53040	8000
BABEL_OP1_203_49637_20130313_135605_O6_scripted.sph	49637	20130313	135605	49637	inLine	VIENTIANE	F	STREET	38	LAOTEL	SAMSUNG	67360	8000
BABEL_OP1_203_49637_20130313_135555_M1_scripted.sph	49637	20130313	135555	49637	inLine	VIENTIANE	F	STREET	38	LAOTEL	SAMSUNG	48880	8000
BABEL_OP1_203_49637_20130313_135654_D3_scripted.sph	49637	20130313	135654	49637	inLine	VIENTIANE	F	STREET	38	LAOTEL	SAMSUNG	67360	8000
BABEL_OP1_203_49637_20130313_135836_R1_scripted.sph	49637	20130313	135836	49637	inLine	VIENTIANE	F	STREET	38	LAOTEL	SAMSUNG	76240	8000
BABEL_OP1_203_49637_20130313_135629_O5_scripted.sph	49637	20130313	135629	49637	inLine	VIENTIANE	F	STREET	38	LAOTEL	SAMSUNG	54000	8000
BABEL_OP1_203_49637_20130313_135546_C4_scripted.sph	49637	20130313	135546	49637	inLine	VIENTIANE	F	STREET	38	LAOTEL	SAMSUNG	44720	8000
BABEL_OP1_203_49637_20130313_135804_S4_scripted.sph	49637	20130313	135804	49637	inLine	VIENTIANE	F	STREET	38	LAOTEL	SAMSUNG	47920	8000
BABEL_OP1_203_49637_20130313_135735_S3_scripted.sph	49637	20130313	135735	49637	inLine	VIENTIANE	F	STREET	38	LAOTEL	SAMSUNG	90960	8000
BABEL_OP1_203_49637_20130313_135538_O3_scripted.sph	49637	20130313	135538	49637	inLine	VIENTIANE	F	STREET	38	LAOTEL	SAMSUNG	38640	8000
BABEL_OP1_203_49637_20130313_135643_S6_scripted.sph	49637	20130313	135643	49637	inLine	VIENTIANE	F	STREET	38	LAOTEL	SAMSUNG	100960	8000
BABEL_OP1_203_49637_20130313_135438_T1_scripted.sph	49637	20130313	135438	49637	inLine	VIENTIANE	F	STREET	38	LAOTEL	SAMSUNG	53040	8000
BABEL_OP1_203_49637_20130313_135415_D1_scripted.sph	49637	20130313	135415	49637	inLine	VIENTIANE	F	STREET	38	LAOTEL	SAMSUNG	68880	8000
BABEL_OP1_203_49637_20130313_135428_C6_scripted.sph	49637	20130313	135428	49637	inLine	VIENTIANE	F	STREET	38	LAOTEL	SAMSUNG	67360	8000
BABEL_OP1_203_49637_20130313_135446_O2_scripted.sph	49637	20130313	135446	49637	inLine	VIENTIANE	F	STREET	38	LAOTEL	SAMSUNG	41040	8000
BABEL_OP1_203_49637_20130313_135513_S8_scripted.sph	49637	20130313	135513	49637	inLine	VIENTIANE	F	STREET	38	LAOTEL	SAMSUNG	70960	8000
BABEL_OP1_203_49637_20130313_135620_S2_scripted.sph	49637	20130313	135620	49637	inLine	VIENTIANE	F	STREET	38	LAOTEL	SAMSUNG	100960	8000
BABEL_OP1_203_49637_20130313_135813_N1_scripted.sph	49637	20130313	135813	49637	inLine	VIENTIANE	F	STREET	38	LAOTEL	SAMSUNG	51600	8000
BABEL_OP1_203_49637_20130313_135711_T2_scripted.sph	49637	20130313	135711	49637	inLine	VIENTIANE	F	STREET	38	LAOTEL	SAMSUNG	53680	8000
BABEL_OP1_203_49637_20130313_135836_S9_scripted.sph	49637	20130313	135836	49637	inLine	VIENTIANE	F	STREET	38	LAOTEL	SAMSUNG	76240	8000
BABEL_OP1_203_49637_20130313_135532_C2_scripted.sph	49637	20130313	135532	49637	inLine	VIENTIANE	F	STREET	38	LAOTEL	SAMSUNG	67200	8000
BABEL_OP1_203_49637_20130313_135353_O1_scripted.sph	49637	20130313	135353	49637	inLine	VIENTIANE	F	STREET	38	LAOTEL	SAMSUNG	67360	8000
BABEL_OP1_203_49637_20130313_135702_S5_scripted.sph	49637	20130313	135702	49637	inLine	VIENTIANE	F	STREET	38	LAOTEL	SAMSUNG	51920	8000
BABEL_OP1_203_49637_20130313_135403_O8_scripted.sph	49637	20130313	135403	49637	inLine	VIENTIANE	F	STREET	38	LAOTEL	SAMSUNG	41520	8000
BABEL_OP1_203_49637_20130313_135750_S1_scripted.sph	49637	20130313	135750	49637	inLine	VIENTIANE	F	STREET	38	LAOTEL	SAMSUNG	100960	8000
BABEL_OP1_203_49637_20130313_135825_S7_scripted.sph	49637	20130313	135825	49637	inLine	VIENTIANE	F	STREET	38	LAOTEL	SAMSUNG	75600	8000
BABEL_OP1_203_49637_20130313_135721_D2_scripted.sph	49637	20130313	135721	49637	inLine	VIENTIANE	F	STREET	38	LAOTEL	SAMSUNG	67360	8000
BABEL_OP1_203_49637_20130313_135756_A1_scripted.sph	49637	20130313	135756	49637	inLine	VIENTIANE	F	STREET	38	LAOTEL	SAMSUNG	31120	8000
BABEL_OP1_203_49902_20130323_181342_S6_scripted.sph	49902	20130323	181342	49902	inLine	VIENTIANE	F	HOME_OFFICE_MOBILE	46	LAOTEL	NOKIA	101120	8000
BABEL_OP1_203_49902_20130323_181142_O2_scripted.sph	49902	20130323	181142	49902	inLine	VIENTIANE	F	HOME_OFFICE_MOBILE	46	LAOTEL	NOKIA	42480	8000
BABEL_OP1_203_49902_20130323_181134_T1_scripted.sph	49902	20130323	181134	49902	inLine	VIENTIANE	F	HOME_OFFICE_MOBILE	46	LAOTEL	NOKIA	67360	8000
BABEL_OP1_203_49902_20130323_181524_S9_scripted.sph	49902	20130323	181524	49902	inLine	VIENTIANE	F	HOME_OFFICE_MOBILE	46	LAOTEL	NOKIA	53040	8000
BABEL_OP1_203_49902_20130323_181328_O5_scripted.sph	49902	20130323	181328	49902	inLine	VIENTIANE	F	HOME_OFFICE_MOBILE	46	LAOTEL	NOKIA	67360	8000
BABEL_OP1_203_49902_20130323_181505_N1_scripted.sph	49902	20130323	181505	49902	inLine	VIENTIANE	F	HOME_OFFICE_MOBILE	46	LAOTEL	NOKIA	49520	8000
BABEL_OP1_203_49902_20130323_181303_O6_scripted.sph	49902	20130323	181303	49902	inLine	VIENTIANE	F	HOME_OFFICE_MOBILE	46	LAOTEL	NOKIA	46960	8000
BABEL_OP1_203_49902_20130323_181236_O3_scripted.sph	49902	20130323	181236	49902	inLine	VIENTIANE	F	HOME_OFFICE_MOBILE	46	LAOTEL	NOKIA	38640	8000
BABEL_OP1_203_49902_20130323_181515_S7_scripted.sph	49902	20130323	181515	49902	inLine	VIENTIANE	F	HOME_OFFICE_MOBILE	46	LAOTEL	NOKIA	67600	8000
BABEL_OP1_203_49902_20130323_181123_C6_scripted.sph	49902	20130323	181123	49902	inLine	VIENTIANE	F	HOME_OFFICE_MOBILE	46	LAOTEL	NOKIA	67360	8000
BABEL_OP1_203_49902_20130323_181440_S1_scripted.sph	49902	20130323	181440	49902	inLine	VIENTIANE	F	HOME_OFFICE_MOBILE	46	LAOTEL	NOKIA	57360	8000
BABEL_OP1_203_49902_20130323_181400_S5_scripted.sph	49902	20130323	181400	49902	inLine	VIENTIANE	F	HOME_OFFICE_MOBILE	46	LAOTEL	NOKIA	65040	8000
BABEL_OP1_203_49902_20130323_181220_C1_scripted.sph	49902	20130323	181220	49902	inLine	VIENTIANE	F	HOME_OFFICE_MOBILE	46	LAOTEL	NOKIA	47760	8000
BABEL_OP1_203_49902_20130323_181212_S8_scripted.sph	49902	20130323	181212	49902	inLine	VIENTIANE	F	HOME_OFFICE_MOBILE	46	LAOTEL	NOKIA	89040	8000
BABEL_OP1_203_49902_20130323_181054_O8_scripted.sph	49902	20130323	181054	49902	inLine	VIENTIANE	F	HOME_OFFICE_MOBILE	46	LAOTEL	NOKIA	55120	8000
BABEL_OP1_203_49902_20130323_181457_S4_scripted.sph	49902	20130323	181457	49902	inLine	VIENTIANE	F	HOME_OFFICE_MOBILE	46	LAOTEL	NOKIA	58480	8000
BABEL_OP1_203_49902_20130323_181255_M1_scripted.sph	49902	20130323	181255	49902	inLine	VIENTIANE	F	HOME_OFFICE_MOBILE	46	LAOTEL	NOKIA	61680	8000
BABEL_OP1_203_49902_20130323_181042_O1_scripted.sph	49902	20130323	181042	49902	inLine	VIENTIANE	F	HOME_OFFICE_MOBILE	46	LAOTEL	NOKIA	44400	8000
BABEL_OP1_203_49902_20130323_181349_D3_scripted.sph	49902	20130323	181349	49902	inLine	VIENTIANE	F	HOME_OFFICE_MOBILE	46	LAOTEL	NOKIA	34960	8000
BABEL_OP1_203_49902_20130323_181447_A1_scripted.sph	49902	20130323	181447	49902	inLine	VIENTIANE	F	HOME_OFFICE_MOBILE	46	LAOTEL	NOKIA	38160	8000
BABEL_OP1_203_49902_20130323_181409_T2_scripted.sph	49902	20130323	181409	49902	inLine	VIENTIANE	F	HOME_OFFICE_MOBILE	46	LAOTEL	NOKIA	56240	8000
BABEL_OP1_203_49902_20130323_181245_C4_scripted.sph	49902	20130323	181245	49902	inLine	VIENTIANE	F	HOME_OFFICE_MOBILE	46	LAOTEL	NOKIA	52400	8000
BABEL_OP1_203_49902_20130323_181230_C2_scripted.sph	49902	20130323	181230	49902	inLine	VIENTIANE	F	HOME_OFFICE_MOBILE	46	LAOTEL	NOKIA	67360	8000
BABEL_OP1_203_49902_20130323_181318_S2_scripted.sph	49902	20130323	181318	49902	inLine	VIENTIANE	F	HOME_OFFICE_MOBILE	46	LAOTEL	NOKIA	98000	8000
BABEL_OP1_203_49902_20130323_181110_D1_scripted.sph	49902	20130323	181110	49902	inLine	VIENTIANE	F	HOME_OFFICE_MOBILE	46	LAOTEL	NOKIA	100960	8000
BABEL_OP1_203_49902_20130323_181524_R1_scripted.sph	49902	20130323	181524	49902	inLine	VIENTIANE	F	HOME_OFFICE_MOBILE	46	LAOTEL	NOKIA	53040	8000
BABEL_OP1_203_49902_20130323_181430_S3_scripted.sph	49902	20130323	181430	49902	inLine	VIENTIANE	F	HOME_OFFICE_MOBILE	46	LAOTEL	NOKIA	75600	8000
BABEL_OP1_203_49902_20130323_181419_D2_scripted.sph	49902	20130323	181419	49902	inLine	VIENTIANE	F	HOME_OFFICE_MOBILE	46	LAOTEL	NOKIA	61680	8000
BABEL_OP1_203_50726_20130307_131813_S4_scripted.sph	50726	20130307	131813	50726	inLine	VIENTIANE	M	STREET	27	LAOTEL	SAMSUNG	55920	8000
BABEL_OP1_203_50726_20130307_131411_D1_scripted.sph	50726	20130307	131411	50726	inLine	VIENTIANE	M	STREET	27	LAOTEL	SAMSUNG	78000	8000
BABEL_OP1_203_50726_20130307_131440_C6_scripted.sph	50726	20130307	131440	50726	inLine	VIENTIANE	M	STREET	27	LAOTEL	SAMSUNG	67200	8000
BABEL_OP1_203_50726_20130307_131547_C2_scripted.sph	50726	20130307	131547	50726	inLine	VIENTIANE	M	STREET	27	LAOTEL	SAMSUNG	67360	8000
BABEL_OP1_203_50726_20130307_131728_D2_scripted.sph	50726	20130307	131728	50726	inLine	VIENTIANE	M	STREET	27	LAOTEL	SAMSUNG	67360	8000
BABEL_OP1_203_50726_20130307_131850_R1_scripted.sph	50726	20130307	131850	50726	inLine	VIENTIANE	M	STREET	27	LAOTEL	SAMSUNG	101120	8000
BABEL_OP1_203_50726_20130307_131823_N1_scripted.sph	50726	20130307	131823	50726	inLine	VIENTIANE	M	STREET	27	LAOTEL	SAMSUNG	67360	8000
BABEL_OP1_203_50726_20130307_131537_C1_scripted.sph	50726	20130307	131537	50726	inLine	VIENTIANE	M	STREET	27	LAOTEL	SAMSUNG	52400	8000
BABEL_OP1_203_50726_20130307_131850_S9_scripted.sph	50726	20130307	131850	50726	inLine	VIENTIANE	M	STREET	27	LAOTEL	SAMSUNG	101120	8000
BABEL_OP1_203_50726_20130307_131718_T2_scripted.sph	50726	20130307	131718	50726	inLine	VIENTIANE	M	STREET	27	LAOTEL	SAMSUNG	45680	8000
BABEL_OP1_203_50726_20130307_131702_D3_scripted.sph	50726	20130307	131702	50726	inLine	VIENTIANE	M	STREET	27	LAOTEL	SAMSUNG	32080	8000
BABEL_OP1_203_50726_20130307_131529_S8_scripted.sph	50726	20130307	131529	50726	inLine	VIENTIANE	M	STREET	27	LAOTEL	SAMSUNG	72080	8000
BABEL_OP1_203_50726_20130307_131501_O2_scripted.sph	50726	20130307	131501	50726	inLine	VIENTIANE	M	STREET	27	LAOTEL	SAMSUNG	58880	8000
BABEL_OP1_203_50726_20130307_131635_S2_scripted.sph	50726	20130307	131635	50726	inLine	VIENTIANE	M	STREET	27	LAOTEL	SAMSUNG	95120	8000
BABEL_OP1_203_50726_20130307_131621_O6_scripted.sph	50726	20130307	131621	50726	inLine	VIENTIANE	M	STREET	27	LAOTEL	SAMSUNG	51120	8000
BABEL_OP1_203_50726_20130307_131655_S6_scripted.sph	50726	20130307	131655	50726	inLine	VIENTIANE	M	STREET	27	LAOTEL	SAMSUNG	79440	8000
BABEL_OP1_203_50726_20130307_131344_O1_scripted.sph	50726	20130307	131344	50726	inLine	VIENTIANE	M	STREET	27	LAOTEL	SAMSUNG	67360	8000
BABEL_OP1_203_50726_20130307_131451_T1_scripted.sph	50726	20130307	131451	50726	inLine	VIENTIANE	M	STREET	27	LAOTEL	SAMSUNG	67360	8000
BABEL_OP1_203_50726_20130307_131358_O8_scripted.sph	50726	20130307	131358	50726	inLine	VIENTIANE	M	STREET	27	LAOTEL	SAMSUNG	67360	8000
BABEL_OP1_203_50726_20130307_131804_A1_scripted.sph	50726	20130307	131804	50726	inLine	VIENTIANE	M	STREET	27	LAOTEL	SAMSUNG	37200	8000
BABEL_OP1_203_50726_20130307_131554_O3_scripted.sph	50726	20130307	131554	50726	inLine	VIENTIANE	M	STREET	27	LAOTEL	SAMSUNG	40560	8000
BABEL_OP1_203_50726_20130307_131613_M1_scripted.sph	50726	20130307	131613	50726	inLine	VIENTIANE	M	STREET	27	LAOTEL	SAMSUNG	51600	8000
BABEL_OP1_203_50726_20130307_131743_S3_scripted.sph	50726	20130307	131743	50726	inLine	VIENTIANE	M	STREET	27	LAOTEL	SAMSUNG	100960	8000
BABEL_OP1_203_50726_20130307_131604_C4_scripted.sph	50726	20130307	131604	50726	inLine	VIENTIANE	M	STREET	27	LAOTEL	SAMSUNG	56400	8000
BABEL_OP1_203_50726_20130307_131643_O5_scripted.sph	50726	20130307	131643	50726	inLine	VIENTIANE	M	STREET	27	LAOTEL	SAMSUNG	47600	8000
BABEL_OP1_203_50726_20130307_131710_S5_scripted.sph	50726	20130307	131710	50726	inLine	VIENTIANE	M	STREET	27	LAOTEL	SAMSUNG	49840	8000
BABEL_OP1_203_50726_20130307_131757_S1_scripted.sph	50726	20130307	131757	50726	inLine	VIENTIANE	M	STREET	27	LAOTEL	SAMSUNG	89040	8000
BABEL_OP1_203_50726_20130307_131835_S7_scripted.sph	50726	20130307	131835	50726	inLine	VIENTIANE	M	STREET	27	LAOTEL	SAMSUNG	76080	8000
BABEL_OP1_203_51414_20130729_154746_S9_scripted.sph	51414	20130729	154746	51414	inLine	VIENTIANE	M	MICROPHONE	50	LAOTEL	NOKIA	100000	8000
BABEL_OP1_203_51414_20130729_154411_C2_scripted.sph	51414	20130729	154411	51414	inLine	VIENTIANE	M	MICROPHONE	50	LAOTEL	NOKIA	67360	8000
BABEL_OP1_203_51414_20130729_154746_R1_scripted.sph	51414	20130729	154746	51414	inLine	VIENTIANE	M	MICROPHONE	50	LAOTEL	NOKIA	100000	8000
BABEL_OP1_203_51414_20130729_154325_O2_scripted.sph	51414	20130729	154325	51414	inLine	VIENTIANE	M	MICROPHONE	50	LAOTEL	NOKIA	35920	8000
BABEL_OP1_203_51414_20130729_154258_D1_scripted.sph	51414	20130729	154258	51414	inLine	VIENTIANE	M	MICROPHONE	50	LAOTEL	NOKIA	59440	8000
BABEL_OP1_203_51414_20130729_154627_S3_scripted.sph	51414	20130729	154627	51414	inLine	VIENTIANE	M	MICROPHONE	50	LAOTEL	NOKIA	97680	8000
BABEL_OP1_203_51414_20130729_154613_D2_scripted.sph	51414	20130729	154613	51414	inLine	VIENTIANE	M	MICROPHONE	50	LAOTEL	NOKIA	67360	8000
BABEL_OP1_203_51414_20130729_154659_A1_scripted.sph	51414	20130729	154659	51414	inLine	VIENTIANE	M	MICROPHONE	50	LAOTEL	NOKIA	30800	8000
BABEL_OP1_203_51414_20130729_154428_C4_scripted.sph	51414	20130729	154428	51414	inLine	VIENTIANE	M	MICROPHONE	50	LAOTEL	NOKIA	56400	8000
BABEL_OP1_203_51414_20130729_154352_S8_scripted.sph	51414	20130729	154352	51414	inLine	VIENTIANE	M	MICROPHONE	50	LAOTEL	NOKIA	68400	8000
BABEL_OP1_203_51414_20130729_154311_C6_scripted.sph	51414	20130729	154311	51414	inLine	VIENTIANE	M	MICROPHONE	50	LAOTEL	NOKIA	58000	8000
BABEL_OP1_203_51414_20130729_154248_O8_scripted.sph	51414	20130729	154248	51414	inLine	VIENTIANE	M	MICROPHONE	50	LAOTEL	NOKIA	36400	8000
BABEL_OP1_203_51414_20130729_154602_T2_scripted.sph	51414	20130729	154602	51414	inLine	VIENTIANE	M	MICROPHONE	50	LAOTEL	NOKIA	67360	8000
BABEL_OP1_203_51414_20130729_154535_S6_scripted.sph	51414	20130729	154535	51414	inLine	VIENTIANE	M	MICROPHONE	50	LAOTEL	NOKIA	50480	8000
BABEL_OP1_203_51414_20130729_154719_N1_scripted.sph	51414	20130729	154719	51414	inLine	VIENTIANE	M	MICROPHONE	50	LAOTEL	NOKIA	59440	8000
BABEL_OP1_203_51414_20130729_154731_S7_scripted.sph	51414	20130729	154731	51414	inLine	VIENTIANE	M	MICROPHONE	50	LAOTEL	NOKIA	78480	8000
BABEL_OP1_203_51414_20130729_154238_O1_scripted.sph	51414	20130729	154238	51414	inLine	VIENTIANE	M	MICROPHONE	50	LAOTEL	NOKIA	38320	8000
BABEL_OP1_203_51414_20130729_154401_C1_scripted.sph	51414	20130729	154401	51414	inLine	VIENTIANE	M	MICROPHONE	50	LAOTEL	NOKIA	58320	8000
BABEL_OP1_203_51414_20130729_154542_D3_scripted.sph	51414	20130729	154542	51414	inLine	VIENTIANE	M	MICROPHONE	50	LAOTEL	NOKIA	32880	8000
BABEL_OP1_203_51414_20130729_154436_M1_scripted.sph	51414	20130729	154436	51414	inLine	VIENTIANE	M	MICROPHONE	50	LAOTEL	NOKIA	49200	8000
BABEL_OP1_203_51414_20130729_154445_O6_scripted.sph	51414	20130729	154445	51414	inLine	VIENTIANE	M	MICROPHONE	50	LAOTEL	NOKIA	50320	8000
BABEL_OP1_203_51414_20130729_154653_S1_scripted.sph	51414	20130729	154653	51414	inLine	VIENTIANE	M	MICROPHONE	50	LAOTEL	NOKIA	49840	8000
BABEL_OP1_203_51414_20130729_154527_O5_scripted.sph	51414	20130729	154527	51414	inLine	VIENTIANE	M	MICROPHONE	50	LAOTEL	NOKIA	49200	8000
BABEL_OP1_203_51414_20130729_154552_S5_scripted.sph	51414	20130729	154552	51414	inLine	VIENTIANE	M	MICROPHONE	50	LAOTEL	NOKIA	62320	8000
BABEL_OP1_203_51414_20130729_154418_O3_scripted.sph	51414	20130729	154418	51414	inLine	VIENTIANE	M	MICROPHONE	50	LAOTEL	NOKIA	38320	8000
BABEL_OP1_203_51414_20130729_154710_S4_scripted.sph	51414	20130729	154710	51414	inLine	VIENTIANE	M	MICROPHONE	50	LAOTEL	NOKIA	63760	8000
BABEL_OP1_203_51414_20130729_154318_T1_scripted.sph	51414	20130729	154318	51414	inLine	VIENTIANE	M	MICROPHONE	50	LAOTEL	NOKIA	34000	8000
BABEL_OP1_203_51414_20130729_154519_S2_scripted.sph	51414	20130729	154519	51414	inLine	VIENTIANE	M	MICROPHONE	50	LAOTEL	NOKIA	52080	8000
BABEL_OP1_203_52447_20130513_231608_T1_scripted.sph	52447	20130513	231608	52447	inLine	VIENTIANE	M	VEHICLE	47	LAOTEL	SAMSUNG	53040	8000
BABEL_OP1_203_52447_20130513_231546_D1_scripted.sph	52447	20130513	231546	52447	inLine	VIENTIANE	M	VEHICLE	47	LAOTEL	SAMSUNG	48880	8000
BABEL_OP1_203_52447_20130513_231741_C1_scripted.sph	52447	20130513	231741	52447	inLine	VIENTIANE	M	VEHICLE	47	LAOTEL	SAMSUNG	67360	8000
BABEL_OP1_203_52447_20130513_232143_D2_scripted.sph	52447	20130513	232143	52447	inLine	VIENTIANE	M	VEHICLE	47	LAOTEL	SAMSUNG	67360	8000
BABEL_OP1_203_52447_20130513_232047_T2_scripted.sph	52447	20130513	232047	52447	inLine	VIENTIANE	M	VEHICLE	47	LAOTEL	SAMSUNG	67360	8000
BABEL_OP1_203_52447_20130513_231858_S2_scripted.sph	52447	20130513	231858	52447	inLine	VIENTIANE	M	VEHICLE	47	LAOTEL	SAMSUNG	100960	8000
BABEL_OP1_203_52447_20130513_232008_S5_scripted.sph	52447	20130513	232008	52447	inLine	VIENTIANE	M	VEHICLE	47	LAOTEL	SAMSUNG	68240	8000
BABEL_OP1_203_52447_20130513_231751_C2_scripted.sph	52447	20130513	231751	52447	inLine	VIENTIANE	M	VEHICLE	47	LAOTEL	SAMSUNG	66560	8000
BABEL_OP1_203_52447_20130513_231825_O6_scripted.sph	52447	20130513	231825	52447	inLine	VIENTIANE	M	VEHICLE	47	LAOTEL	SAMSUNG	44080	8000
BABEL_OP1_203_52447_20130513_231807_C4_scripted.sph	52447	20130513	231807	52447	inLine	VIENTIANE	M	VEHICLE	47	LAOTEL	SAMSUNG	59920	8000
BABEL_OP1_203_52447_20130513_231817_M1_scripted.sph	52447	20130513	231817	52447	inLine	VIENTIANE	M	VEHICLE	47	LAOTEL	SAMSUNG	67360	8000
BABEL_OP1_203_52447_20130513_232326_S1_scripted.sph	52447	20130513	232326	52447	inLine	VIENTIANE	M	VEHICLE	47	LAOTEL	SAMSUNG	101120	8000
BABEL_OP1_203_52447_20130513_231931_S6_scripted.sph	52447	20130513	231931	52447	inLine	VIENTIANE	M	VEHICLE	47	LAOTEL	SAMSUNG	77200	8000
BABEL_OP1_203_52447_20130513_231939_D3_scripted.sph	52447	20130513	231939	52447	inLine	VIENTIANE	M	VEHICLE	47	LAOTEL	SAMSUNG	43280	8000
BABEL_OP1_203_52447_20130513_232522_S4_scripted.sph	52447	20130513	232522	52447	inLine	VIENTIANE	M	VEHICLE	47	LAOTEL	SAMSUNG	101120	8000
BABEL_OP1_203_52447_20130513_232351_A1_scripted.sph	52447	20130513	232351	52447	inLine	VIENTIANE	M	VEHICLE	47	LAOTEL	SAMSUNG	38800	8000
BABEL_OP1_203_52447_20130513_232749_S9_scripted.sph	52447	20130513	232749	52447	inLine	VIENTIANE	M	VEHICLE	47	LAOTEL	SAMSUNG	84400	8000
BABEL_OP1_203_52447_20130513_231526_O1_scripted.sph	52447	20130513	231526	52447	inLine	VIENTIANE	M	VEHICLE	47	LAOTEL	SAMSUNG	37200	8000
BABEL_OP1_203_52447_20130513_231616_O2_scripted.sph	52447	20130513	231616	52447	inLine	VIENTIANE	M	VEHICLE	47	LAOTEL	SAMSUNG	37840	8000
BABEL_OP1_203_52447_20130513_231731_S8_scripted.sph	52447	20130513	231731	52447	inLine	VIENTIANE	M	VEHICLE	47	LAOTEL	SAMSUNG	63600	8000
BABEL_OP1_203_52447_20130513_231757_O3_scripted.sph	52447	20130513	231757	52447	inLine	VIENTIANE	M	VEHICLE	47	LAOTEL	SAMSUNG	36560	8000
BABEL_OP1_203_52447_20130513_232749_R1_scripted.sph	52447	20130513	232749	52447	inLine	VIENTIANE	M	VEHICLE	47	LAOTEL	SAMSUNG	84400	8000
BABEL_OP1_203_52447_20130513_231536_O8_scripted.sph	52447	20130513	231536	52447	inLine	VIENTIANE	M	VEHICLE	47	LAOTEL	SAMSUNG	44080	8000
BABEL_OP1_203_52447_20130513_232657_N1_scripted.sph	52447	20130513	232657	52447	inLine	VIENTIANE	M	VEHICLE	47	LAOTEL	SAMSUNG	67360	8000
BABEL_OP1_203_52447_20130513_232736_S7_scripted.sph	52447	20130513	232736	52447	inLine	VIENTIANE	M	VEHICLE	47	LAOTEL	SAMSUNG	54480	8000
BABEL_OP1_203_52447_20130513_231559_C6_scripted.sph	52447	20130513	231559	52447	inLine	VIENTIANE	M	VEHICLE	47	LAOTEL	SAMSUNG	67360	8000
BABEL_OP1_203_52447_20130513_232311_S3_scripted.sph	52447	20130513	232311	52447	inLine	VIENTIANE	M	VEHICLE	47	LAOTEL	SAMSUNG	100160	8000
BABEL_OP1_203_52447_20130513_231920_O5_scripted.sph	52447	20130513	231920	52447	inLine	VIENTIANE	M	VEHICLE	47	LAOTEL	SAMSUNG	46800	8000
BABEL_OP1_203_52854_20130221_193613_O1_scripted.sph	52854	20130221	193613	52854	inLine	VIENTIANE	F	HOME_OFFICE_MOBILE	25	LAOTEL	UNKNOWN	42960	8000
BABEL_OP1_203_52854_20130221_194022_N1_scripted.sph	52854	20130221	194022	52854	inLine	VIENTIANE	F	HOME_OFFICE_MOBILE	25	LAOTEL	UNKNOWN	48080	8000
BABEL_OP1_203_52854_20130221_193847_S6_scripted.sph	52854	20130221	193847	52854	inLine	VIENTIANE	F	HOME_OFFICE_MOBILE	25	LAOTEL	UNKNOWN	55760	8000
BABEL_OP1_203_52854_20130221_194043_S9_scripted.sph	52854	20130221	194043	52854	inLine	VIENTIANE	F	HOME_OFFICE_MOBILE	25	LAOTEL	UNKNOWN	58960	8000
BABEL_OP1_203_52854_20130221_193821_O6_scripted.sph	52854	20130221	193821	52854	inLine	VIENTIANE	F	HOME_OFFICE_MOBILE	25	LAOTEL	UNKNOWN	49040	8000
BABEL_OP1_203_52854_20130221_193934_D2_scripted.sph	52854	20130221	193934	52854	inLine	VIENTIANE	F	HOME_OFFICE_MOBILE	25	LAOTEL	UNKNOWN	67360	8000
BABEL_OP1_203_52854_20130221_194014_S4_scripted.sph	52854	20130221	194014	52854	inLine	VIENTIANE	F	HOME_OFFICE_MOBILE	25	LAOTEL	UNKNOWN	71440	8000
BABEL_OP1_203_52854_20130221_193749_C2_scripted.sph	52854	20130221	193749	52854	inLine	VIENTIANE	F	HOME_OFFICE_MOBILE	25	LAOTEL	UNKNOWN	67360	8000
BABEL_OP1_203_52854_20130221_193739_C1_scripted.sph	52854	20130221	193739	52854	inLine	VIENTIANE	F	HOME_OFFICE_MOBILE	25	LAOTEL	UNKNOWN	52240	8000
BABEL_OP1_203_52854_20130221_193838_O5_scripted.sph	52854	20130221	193838	52854	inLine	VIENTIANE	F	HOME_OFFICE_MOBILE	25	LAOTEL	UNKNOWN	43440	8000
BABEL_OP1_203_52854_20130221_193633_D1_scripted.sph	52854	20130221	193633	52854	inLine	VIENTIANE	F	HOME_OFFICE_MOBILE	25	LAOTEL	UNKNOWN	53840	8000
BABEL_OP1_203_52854_20130221_193812_M1_scripted.sph	52854	20130221	193812	52854	inLine	VIENTIANE	F	HOME_OFFICE_MOBILE	25	LAOTEL	UNKNOWN	41360	8000
BABEL_OP1_203_52854_20130221_193913_T2_scripted.sph	52854	20130221	193913	52854	inLine	VIENTIANE	F	HOME_OFFICE_MOBILE	25	LAOTEL	UNKNOWN	45840	8000
BABEL_OP1_203_52854_20130221_193830_S2_scripted.sph	52854	20130221	193830	52854	inLine	VIENTIANE	F	HOME_OFFICE_MOBILE	25	LAOTEL	UNKNOWN	56880	8000
BABEL_OP1_203_52854_20130221_193702_O2_scripted.sph	52854	20130221	193702	52854	inLine	VIENTIANE	F	HOME_OFFICE_MOBILE	25	LAOTEL	UNKNOWN	43760	8000
BABEL_OP1_203_52854_20130221_194033_S7_scripted.sph	52854	20130221	194033	52854	inLine	VIENTIANE	F	HOME_OFFICE_MOBILE	25	LAOTEL	UNKNOWN	70480	8000
BABEL_OP1_203_52854_20130221_193623_O8_scripted.sph	52854	20130221	193623	52854	inLine	VIENTIANE	F	HOME_OFFICE_MOBILE	25	LAOTEL	UNKNOWN	37840	8000
BABEL_OP1_203_52854_20130221_193905_S5_scripted.sph	52854	20130221	193905	52854	inLine	VIENTIANE	F	HOME_OFFICE_MOBILE	25	LAOTEL	UNKNOWN	69520	8000
BABEL_OP1_203_52854_20130221_193805_C4_scripted.sph	52854	20130221	193805	52854	inLine	VIENTIANE	F	HOME_OFFICE_MOBILE	25	LAOTEL	UNKNOWN	56880	8000
BABEL_OP1_203_52854_20130221_193653_T1_scripted.sph	52854	20130221	193653	52854	inLine	VIENTIANE	F	HOME_OFFICE_MOBILE	25	LAOTEL	UNKNOWN	42800	8000
BABEL_OP1_203_52854_20130221_193854_D3_scripted.sph	52854	20130221	193854	52854	inLine	VIENTIANE	F	HOME_OFFICE_MOBILE	25	LAOTEL	UNKNOWN	40560	8000
BABEL_OP1_203_52854_20130221_194003_A1_scripted.sph	52854	20130221	194003	52854	inLine	VIENTIANE	F	HOME_OFFICE_MOBILE	25	LAOTEL	UNKNOWN	29360	8000
BABEL_OP1_203_52854_20130221_194043_R1_scripted.sph	52854	20130221	194043	52854	inLine	VIENTIANE	F	HOME_OFFICE_MOBILE	25	LAOTEL	UNKNOWN	58960	8000
BABEL_OP1_203_52854_20130221_193946_S3_scripted.sph	52854	20130221	193946	52854	inLine	VIENTIANE	F	HOME_OFFICE_MOBILE	25	LAOTEL	UNKNOWN	74960	8000
BABEL_OP1_203_52854_20130221_193645_C6_scripted.sph	52854	20130221	193645	52854	inLine	VIENTIANE	F	HOME_OFFICE_MOBILE	25	LAOTEL	UNKNOWN	57520	8000
BABEL_OP1_203_52854_20130221_193957_S1_scripted.sph	52854	20130221	193957	52854	inLine	VIENTIANE	F	HOME_OFFICE_MOBILE	25	LAOTEL	UNKNOWN	69680	8000
BABEL_OP1_203_52854_20130221_193730_S8_scripted.sph	52854	20130221	193730	52854	inLine	VIENTIANE	F	HOME_OFFICE_MOBILE	25	LAOTEL	UNKNOWN	82480	8000
BABEL_OP1_203_52854_20130221_193756_O3_scripted.sph	52854	20130221	193756	52854	inLine	VIENTIANE	F	HOME_OFFICE_MOBILE	25	LAOTEL	UNKNOWN	36880	8000
BABEL_OP1_203_54046_20130804_194126_N1_scripted.sph	54046	20130804	194126	54046	inLine	VIENTIANE	F	MICROPHONE	33	LAOTEL	NOKIA	66400	8000
BABEL_OP1_203_54046_20130804_193857_O5_scripted.sph	54046	20130804	193857	54046	inLine	VIENTIANE	F	MICROPHONE	33	LAOTEL	NOKIA	47120	8000
BABEL_OP1_203_54046_20130804_193957_D3_scripted.sph	54046	20130804	193957	54046	inLine	VIENTIANE	F	MICROPHONE	33	LAOTEL	NOKIA	42320	8000
BABEL_OP1_203_54046_20130804_193802_C2_scripted.sph	54046	20130804	193802	54046	inLine	VIENTIANE	F	MICROPHONE	33	LAOTEL	NOKIA	60560	8000
BABEL_OP1_203_54046_20130804_194115_S4_scripted.sph	54046	20130804	194115	54046	inLine	VIENTIANE	F	MICROPHONE	33	LAOTEL	NOKIA	87600	8000
BABEL_OP1_203_54046_20130804_193827_M1_scripted.sph	54046	20130804	193827	54046	inLine	VIENTIANE	F	MICROPHONE	33	LAOTEL	NOKIA	54640	8000
BABEL_OP1_203_54046_20130804_194138_S7_scripted.sph	54046	20130804	194138	54046	inLine	VIENTIANE	F	MICROPHONE	33	LAOTEL	NOKIA	77680	8000
BABEL_OP1_203_54046_20130804_194012_S5_scripted.sph	54046	20130804	194012	54046	inLine	VIENTIANE	F	MICROPHONE	33	LAOTEL	NOKIA	100960	8000
BABEL_OP1_203_54046_20130804_194022_T2_scripted.sph	54046	20130804	194022	54046	inLine	VIENTIANE	F	MICROPHONE	33	LAOTEL	NOKIA	65040	8000
BABEL_OP1_203_54046_20130804_193949_S6_scripted.sph	54046	20130804	193949	54046	inLine	VIENTIANE	F	MICROPHONE	33	LAOTEL	NOKIA	101120	8000
BABEL_OP1_203_54046_20130804_193639_O8_scripted.sph	54046	20130804	193639	54046	inLine	VIENTIANE	F	MICROPHONE	33	LAOTEL	NOKIA	38320	8000
BABEL_OP1_203_54046_20130804_193703_C6_scripted.sph	54046	20130804	193703	54046	inLine	VIENTIANE	F	MICROPHONE	33	LAOTEL	NOKIA	62160	8000
BABEL_OP1_203_54046_20130804_193744_S8_scripted.sph	54046	20130804	193744	54046	inLine	VIENTIANE	F	MICROPHONE	33	LAOTEL	NOKIA	53840	8000
BABEL_OP1_203_54046_20130804_193629_O1_scripted.sph	54046	20130804	193629	54046	inLine	VIENTIANE	F	MICROPHONE	33	LAOTEL	NOKIA	38960	8000
BABEL_OP1_203_54046_20130804_194150_R1_scripted.sph	54046	20130804	194150	54046	inLine	VIENTIANE	F	MICROPHONE	33	LAOTEL	NOKIA	80880	8000
BABEL_OP1_203_54046_20130804_193836_O6_scripted.sph	54046	20130804	193836	54046	inLine	VIENTIANE	F	MICROPHONE	33	LAOTEL	NOKIA	51600	8000
BABEL_OP1_203_54046_20130804_194032_D2_scripted.sph	54046	20130804	194032	54046	inLine	VIENTIANE	F	MICROPHONE	33	LAOTEL	NOKIA	65040	8000
BABEL_OP1_203_54046_20130804_194102_A1_scripted.sph	54046	20130804	194102	54046	inLine	VIENTIANE	F	MICROPHONE	33	LAOTEL	NOKIA	41680	8000
BABEL_OP1_203_54046_20130804_194055_S1_scripted.sph	54046	20130804	194055	54046	inLine	VIENTIANE	F	MICROPHONE	33	LAOTEL	NOKIA	70640	8000
BABEL_OP1_203_54046_20130804_193818_C4_scripted.sph	54046	20130804	193818	54046	inLine	VIENTIANE	F	MICROPHONE	33	LAOTEL	NOKIA	55120	8000
BABEL_OP1_203_54046_20130804_193711_T1_scripted.sph	54046	20130804	193711	54046	inLine	VIENTIANE	F	MICROPHONE	33	LAOTEL	NOKIA	43440	8000
BABEL_OP1_203_54046_20130804_193753_C1_scripted.sph	54046	20130804	193753	54046	inLine	VIENTIANE	F	MICROPHONE	33	LAOTEL	NOKIA	48720	8000
BABEL_OP1_203_54046_20130804_193650_D1_scripted.sph	54046	20130804	193650	54046	inLine	VIENTIANE	F	MICROPHONE	33	LAOTEL	NOKIA	56560	8000
BABEL_OP1_203_54046_20130804_194150_S9_scripted.sph	54046	20130804	194150	54046	inLine	VIENTIANE	F	MICROPHONE	33	LAOTEL	NOKIA	80880	8000
BABEL_OP1_203_54046_20130804_194043_S3_scripted.sph	54046	20130804	194043	54046	inLine	VIENTIANE	F	MICROPHONE	33	LAOTEL	NOKIA	72560	8000
BABEL_OP1_203_54046_20130804_193809_O3_scripted.sph	54046	20130804	193809	54046	inLine	VIENTIANE	F	MICROPHONE	33	LAOTEL	NOKIA	41520	8000
BABEL_OP1_203_54046_20130804_193719_O2_scripted.sph	54046	20130804	193719	54046	inLine	VIENTIANE	F	MICROPHONE	33	LAOTEL	NOKIA	43760	8000
BABEL_OP1_203_54046_20130804_193850_S2_scripted.sph	54046	20130804	193850	54046	inLine	VIENTIANE	F	MICROPHONE	33	LAOTEL	NOKIA	89360	8000
BABEL_OP1_203_54744_20130311_154416_T1_scripted.sph	54744	20130311	154416	54744	inLine	VIENTIANE	F	STREET	32	LAOTEL	NOKIA	54000	8000
BABEL_OP1_203_54744_20130311_154506_C2_scripted.sph	54744	20130311	154506	54744	inLine	VIENTIANE	F	STREET	32	LAOTEL	NOKIA	67360	8000
BABEL_OP1_203_54744_20130311_154745_S4_scripted.sph	54744	20130311	154745	54744	inLine	VIENTIANE	F	STREET	32	LAOTEL	NOKIA	93840	8000
BABEL_OP1_203_54744_20130311_154448_S8_scripted.sph	54744	20130311	154448	54744	inLine	VIENTIANE	F	STREET	32	LAOTEL	NOKIA	54480	8000
BABEL_OP1_203_54744_20130311_154703_D2_scripted.sph	54744	20130311	154703	54744	inLine	VIENTIANE	F	STREET	32	LAOTEL	NOKIA	67360	8000
BABEL_OP1_203_54744_20130311_154755_N1_scripted.sph	54744	20130311	154755	54744	inLine	VIENTIANE	F	STREET	32	LAOTEL	NOKIA	60880	8000
BABEL_OP1_203_54744_20130311_154644_S5_scripted.sph	54744	20130311	154644	54744	inLine	VIENTIANE	F	STREET	32	LAOTEL	NOKIA	50320	8000
BABEL_OP1_203_54744_20130311_154627_S6_scripted.sph	54744	20130311	154627	54744	inLine	VIENTIANE	F	STREET	32	LAOTEL	NOKIA	49520	8000
BABEL_OP1_203_54744_20130311_154724_S1_scripted.sph	54744	20130311	154724	54744	inLine	VIENTIANE	F	STREET	32	LAOTEL	NOKIA	60400	8000
BABEL_OP1_203_54744_20130311_154525_C4_scripted.sph	54744	20130311	154525	54744	inLine	VIENTIANE	F	STREET	32	LAOTEL	NOKIA	67360	8000
BABEL_OP1_203_54744_20130311_154731_A1_scripted.sph	54744	20130311	154731	54744	inLine	VIENTIANE	F	STREET	32	LAOTEL	NOKIA	40240	8000
BABEL_OP1_203_54744_20130311_154611_S2_scripted.sph	54744	20130311	154611	54744	inLine	VIENTIANE	F	STREET	32	LAOTEL	NOKIA	82320	8000
BABEL_OP1_203_54744_20130311_154549_M1_scripted.sph	54744	20130311	154549	54744	inLine	VIENTIANE	F	STREET	32	LAOTEL	NOKIA	67360	8000
BABEL_OP1_203_54744_20130311_154653_T2_scripted.sph	54744	20130311	154653	54744	inLine	VIENTIANE	F	STREET	32	LAOTEL	NOKIA	57520	8000
BABEL_OP1_203_54744_20130311_154341_O8_scripted.sph	54744	20130311	154341	54744	inLine	VIENTIANE	F	STREET	32	LAOTEL	NOKIA	34160	8000
BABEL_OP1_203_54744_20130311_154714_S3_scripted.sph	54744	20130311	154714	54744	inLine	VIENTIANE	F	STREET	32	LAOTEL	NOKIA	67760	8000
BABEL_OP1_203_54744_20130311_154818_S9_scripted.sph	54744	20130311	154818	54744	inLine	VIENTIANE	F	STREET	32	LAOTEL	NOKIA	71120	8000
BABEL_OP1_203_54744_20130311_154456_C1_scripted.sph	54744	20130311	154456	54744	inLine	VIENTIANE	F	STREET	32	LAOTEL	NOKIA	49840	8000
BABEL_OP1_203_54744_20130311_154619_O5_scripted.sph	54744	20130311	154619	54744	inLine	VIENTIANE	F	STREET	32	LAOTEL	NOKIA	47280	8000
BABEL_OP1_203_54744_20130311_154807_S7_scripted.sph	54744	20130311	154807	54744	inLine	VIENTIANE	F	STREET	32	LAOTEL	NOKIA	80560	8000
BABEL_OP1_203_54744_20130311_154423_O2_scripted.sph	54744	20130311	154423	54744	inLine	VIENTIANE	F	STREET	32	LAOTEL	NOKIA	35120	8000
BABEL_OP1_203_54744_20130311_154635_D3_scripted.sph	54744	20130311	154635	54744	inLine	VIENTIANE	F	STREET	32	LAOTEL	NOKIA	45360	8000
BABEL_OP1_203_54744_20130311_154354_D1_scripted.sph	54744	20130311	154354	54744	inLine	VIENTIANE	F	STREET	32	LAOTEL	NOKIA	76720	8000
BABEL_OP1_203_54744_20130311_154515_O3_scripted.sph	54744	20130311	154515	54744	inLine	VIENTIANE	F	STREET	32	LAOTEL	NOKIA	54000	8000
BABEL_OP1_203_54744_20130311_154331_O1_scripted.sph	54744	20130311	154331	54744	inLine	VIENTIANE	F	STREET	32	LAOTEL	NOKIA	35760	8000
BABEL_OP1_203_54744_20130311_154406_C6_scripted.sph	54744	20130311	154406	54744	inLine	VIENTIANE	F	STREET	32	LAOTEL	NOKIA	56720	8000
BABEL_OP1_203_54744_20130311_154558_O6_scripted.sph	54744	20130311	154558	54744	inLine	VIENTIANE	F	STREET	32	LAOTEL	NOKIA	55600	8000
BABEL_OP1_203_54744_20130311_154818_R1_scripted.sph	54744	20130311	154818	54744	inLine	VIENTIANE	F	STREET	32	LAOTEL	NOKIA	71120	8000
BABEL_OP1_203_56213_20130407_190557_C4_scripted.sph	56213	20130407	190557	56213	inLine	VIENTIANE	F	HOME_OFFICE_MOBILE	48	LAOTEL	NOKIA	67360	8000
BABEL_OP1_203_56213_20130407_190704_O6_scripted.sph	56213	20130407	190704	56213	inLine	VIENTIANE	F	HOME_OFFICE_MOBILE	48	LAOTEL	NOKIA	58640	8000
BABEL_OP1_203_56213_20130407_190823_S5_scripted.sph	56213	20130407	190823	56213	inLine	VIENTIANE	F	HOME_OFFICE_MOBILE	48	LAOTEL	NOKIA	80080	8000
BABEL_OP1_203_56213_20130407_191153_S9_scripted.sph	56213	20130407	191153	56213	inLine	VIENTIANE	F	HOME_OFFICE_MOBILE	48	LAOTEL	NOKIA	62320	8000
BABEL_OP1_203_56213_20130407_190216_O8_scripted.sph	56213	20130407	190216	56213	inLine	VIENTIANE	F	HOME_OFFICE_MOBILE	48	LAOTEL	NOKIA	34320	8000
BABEL_OP1_203_56213_20130407_190518_C1_scripted.sph	56213	20130407	190518	56213	inLine	VIENTIANE	F	HOME_OFFICE_MOBILE	48	LAOTEL	NOKIA	58480	8000
BABEL_OP1_203_56213_20130407_190527_C2_scripted.sph	56213	20130407	190527	56213	inLine	VIENTIANE	F	HOME_OFFICE_MOBILE	48	LAOTEL	NOKIA	61040	8000
BABEL_OP1_203_56213_20130407_190753_D3_scripted.sph	56213	20130407	190753	56213	inLine	VIENTIANE	F	HOME_OFFICE_MOBILE	48	LAOTEL	NOKIA	43600	8000
BABEL_OP1_203_56213_20130407_191102_S4_scripted.sph	56213	20130407	191102	56213	inLine	VIENTIANE	F	HOME_OFFICE_MOBILE	48	LAOTEL	NOKIA	74800	8000
BABEL_OP1_203_56213_20130407_191044_S1_scripted.sph	56213	20130407	191044	56213	inLine	VIENTIANE	F	HOME_OFFICE_MOBILE	48	LAOTEL	NOKIA	91440	8000
BABEL_OP1_203_56213_20130407_191133_N1_scripted.sph	56213	20130407	191133	56213	inLine	VIENTIANE	F	HOME_OFFICE_MOBILE	48	LAOTEL	NOKIA	67360	8000
BABEL_OP1_203_56213_20130407_190443_O2_scripted.sph	56213	20130407	190443	56213	inLine	VIENTIANE	F	HOME_OFFICE_MOBILE	48	LAOTEL	NOKIA	36400	8000
BABEL_OP1_203_56213_20130407_191153_R1_scripted.sph	56213	20130407	191153	56213	inLine	VIENTIANE	F	HOME_OFFICE_MOBILE	48	LAOTEL	NOKIA	62320	8000
BABEL_OP1_203_56213_20130407_191143_S7_scripted.sph	56213	20130407	191143	56213	inLine	VIENTIANE	F	HOME_OFFICE_MOBILE	48	LAOTEL	NOKIA	63280	8000
BABEL_OP1_203_56213_20130407_190227_D1_scripted.sph	56213	20130407	190227	56213	inLine	VIENTIANE	F	HOME_OFFICE_MOBILE	48	LAOTEL	NOKIA	58160	8000
BABEL_OP1_203_56213_20130407_191050_A1_scripted.sph	56213	20130407	191050	56213	inLine	VIENTIANE	F	HOME_OFFICE_MOBILE	48	LAOTEL	NOKIA	31920	8000
BABEL_OP1_203_56213_20130407_191030_S3_scripted.sph	56213	20130407	191030	56213	inLine	VIENTIANE	F	HOME_OFFICE_MOBILE	48	LAOTEL	NOKIA	80400	8000
BABEL_OP1_203_56213_20130407_190913_T2_scripted.sph	56213	20130407	190913	56213	inLine	VIENTIANE	F	HOME_OFFICE_MOBILE	48	LAOTEL	NOKIA	67200	8000
BABEL_OP1_203_56213_20130407_190716_S2_scripted.sph	56213	20130407	190716	56213	inLine	VIENTIANE	F	HOME_OFFICE_MOBILE	48	LAOTEL	NOKIA	76240	8000
BABEL_OP1_203_56213_20130407_190338_C6_scripted.sph	56213	20130407	190338	56213	inLine	VIENTIANE	F	HOME_OFFICE_MOBILE	48	LAOTEL	NOKIA	62320	8000
BABEL_OP1_203_56213_20130407_190943_D2_scripted.sph	56213	20130407	190943	56213	inLine	VIENTIANE	F	HOME_OFFICE_MOBILE	48	LAOTEL	NOKIA	67360	8000
BABEL_OP1_203_56213_20130407_190736_O5_scripted.sph	56213	20130407	190736	56213	inLine	VIENTIANE	F	HOME_OFFICE_MOBILE	48	LAOTEL	NOKIA	42800	8000
BABEL_OP1_203_56213_20130407_190435_T1_scripted.sph	56213	20130407	190435	56213	inLine	VIENTIANE	F	HOME_OFFICE_MOBILE	48	LAOTEL	NOKIA	50640	8000
BABEL_OP1_203_56213_20130407_190508_S8_scripted.sph	56213	20130407	190508	56213	inLine	VIENTIANE	F	HOME_OFFICE_MOBILE	48	LAOTEL	NOKIA	58960	8000
BABEL_OP1_203_56213_20130407_190207_O1_scripted.sph	56213	20130407	190207	56213	inLine	VIENTIANE	F	HOME_OFFICE_MOBILE	48	LAOTEL	NOKIA	46320	8000
BABEL_OP1_203_56213_20130407_190628_M1_scripted.sph	56213	20130407	190628	56213	inLine	VIENTIANE	F	HOME_OFFICE_MOBILE	48	LAOTEL	NOKIA	52880	8000
BABEL_OP1_203_56213_20130407_190533_O3_scripted.sph	56213	20130407	190533	56213	inLine	VIENTIANE	F	HOME_OFFICE_MOBILE	48	LAOTEL	NOKIA	35600	8000
BABEL_OP1_203_56213_20130407_190746_S6_scripted.sph	56213	20130407	190746	56213	inLine	VIENTIANE	F	HOME_OFFICE_MOBILE	48	LAOTEL	NOKIA	63600	8000
BABEL_OP1_203_56465_20130503_212257_O6_scripted.sph	56465	20130503	212257	56465	inLine	VIENTIANE	M	VEHICLE	60	LAOTEL	SAMSUNG	43920	8000
BABEL_OP1_203_56465_20130503_212037_O2_scripted.sph	56465	20130503	212037	56465	inLine	VIENTIANE	M	VEHICLE	60	LAOTEL	SAMSUNG	58880	8000
BABEL_OP1_203_56465_20130503_212158_C1_scripted.sph	56465	20130503	212158	56465	inLine	VIENTIANE	M	VEHICLE	60	LAOTEL	SAMSUNG	60560	8000
BABEL_OP1_203_56465_20130503_212525_A1_scripted.sph	56465	20130503	212525	56465	inLine	VIENTIANE	M	VEHICLE	60	LAOTEL	SAMSUNG	79440	8000
BABEL_OP1_203_56465_20130503_212103_S8_scripted.sph	56465	20130503	212103	56465	inLine	VIENTIANE	M	VEHICLE	60	LAOTEL	SAMSUNG	59440	8000
BABEL_OP1_203_56465_20130503_212513_S1_scripted.sph	56465	20130503	212513	56465	inLine	VIENTIANE	M	VEHICLE	60	LAOTEL	SAMSUNG	93200	8000
BABEL_OP1_203_56465_20130503_212459_S3_scripted.sph	56465	20130503	212459	56465	inLine	VIENTIANE	M	VEHICLE	60	LAOTEL	SAMSUNG	74640	8000
BABEL_OP1_203_56465_20130503_211916_O1_scripted.sph	56465	20130503	211916	56465	inLine	VIENTIANE	M	VEHICLE	60	LAOTEL	SAMSUNG	38640	8000
BABEL_OP1_203_56465_20130503_211938_D1_scripted.sph	56465	20130503	211938	56465	inLine	VIENTIANE	M	VEHICLE	60	LAOTEL	SAMSUNG	55600	8000
BABEL_OP1_203_56465_20130503_212632_S9_scripted.sph	56465	20130503	212632	56465	inLine	VIENTIANE	M	VEHICLE	60	LAOTEL	SAMSUNG	50160	8000
BABEL_OP1_203_56465_20130503_212226_C4_scripted.sph	56465	20130503	212226	56465	inLine	VIENTIANE	M	VEHICLE	60	LAOTEL	SAMSUNG	61840	8000
BABEL_OP1_203_56465_20130503_212208_C2_scripted.sph	56465	20130503	212208	56465	inLine	VIENTIANE	M	VEHICLE	60	LAOTEL	SAMSUNG	67360	8000
BABEL_OP1_203_56465_20130503_212359_S5_scripted.sph	56465	20130503	212359	56465	inLine	VIENTIANE	M	VEHICLE	60	LAOTEL	SAMSUNG	88560	8000
BABEL_OP1_203_56465_20130503_212346_D3_scripted.sph	56465	20130503	212346	56465	inLine	VIENTIANE	M	VEHICLE	60	LAOTEL	SAMSUNG	48240	8000
BABEL_OP1_203_56465_20130503_212005_C6_scripted.sph	56465	20130503	212005	56465	inLine	VIENTIANE	M	VEHICLE	60	LAOTEL	SAMSUNG	50960	8000
BABEL_OP1_203_56465_20130503_212614_N1_scripted.sph	56465	20130503	212614	56465	inLine	VIENTIANE	M	VEHICLE	60	LAOTEL	SAMSUNG	53360	8000
BABEL_OP1_203_56465_20130503_212234_M1_scripted.sph	56465	20130503	212234	56465	inLine	VIENTIANE	M	VEHICLE	60	LAOTEL	SAMSUNG	45680	8000
BABEL_OP1_203_56465_20130503_212313_O5_scripted.sph	56465	20130503	212313	56465	inLine	VIENTIANE	M	VEHICLE	60	LAOTEL	SAMSUNG	46480	8000
BABEL_OP1_203_56465_20130503_212623_S7_scripted.sph	56465	20130503	212623	56465	inLine	VIENTIANE	M	VEHICLE	60	LAOTEL	SAMSUNG	53680	8000
BABEL_OP1_203_56465_20130503_212410_T2_scripted.sph	56465	20130503	212410	56465	inLine	VIENTIANE	M	VEHICLE	60	LAOTEL	SAMSUNG	67360	8000
BABEL_OP1_203_56465_20130503_212447_D2_scripted.sph	56465	20130503	212447	56465	inLine	VIENTIANE	M	VEHICLE	60	LAOTEL	SAMSUNG	67360	8000
BABEL_OP1_203_56465_20130503_212605_S4_scripted.sph	56465	20130503	212605	56465	inLine	VIENTIANE	M	VEHICLE	60	LAOTEL	SAMSUNG	51120	8000
BABEL_OP1_203_56465_20130503_212027_T1_scripted.sph	56465	20130503	212027	56465	inLine	VIENTIANE	M	VEHICLE	60	LAOTEL	SAMSUNG	44880	8000
BABEL_OP1_203_56465_20130503_212305_S2_scripted.sph	56465	20130503	212305	56465	inLine	VIENTIANE	M	VEHICLE	60	LAOTEL	SAMSUNG	49840	8000
BABEL_OP1_203_56465_20130503_212216_O3_scripted.sph	56465	20130503	212216	56465	inLine	VIENTIANE	M	VEHICLE	60	LAOTEL	SAMSUNG	50320	8000
BABEL_OP1_203_56465_20130503_212632_R1_scripted.sph	56465	20130503	212632	56465	inLine	VIENTIANE	M	VEHICLE	60	LAOTEL	SAMSUNG	50160	8000
BABEL_OP1_203_56465_20130503_212324_S6_scripted.sph	56465	20130503	212324	56465	inLine	VIENTIANE	M	VEHICLE	60	LAOTEL	SAMSUNG	68400	8000
BABEL_OP1_203_56465_20130503_211928_O8_scripted.sph	56465	20130503	211928	56465	inLine	VIENTIANE	M	VEHICLE	60	LAOTEL	SAMSUNG	50000	8000
BABEL_OP1_203_58850_20130320_203437_S8_scripted.sph	58850	20130320	203437	58850	inLine	VIENTIANE	M	PUBLIC_PLACE	47	LAOTEL	SAMSUNG	100960	8000
BABEL_OP1_203_58850_20130320_203948_S1_scripted.sph	58850	20130320	203948	58850	inLine	VIENTIANE	M	PUBLIC_PLACE	47	LAOTEL	SAMSUNG	100960	8000
BABEL_OP1_203_58850_20130320_203652_D3_scripted.sph	58850	20130320	203652	58850	inLine	VIENTIANE	M	PUBLIC_PLACE	47	LAOTEL	SAMSUNG	67360	8000
BABEL_OP1_203_58850_20130320_203245_D1_scripted.sph	58850	20130320	203245	58850	inLine	VIENTIANE	M	PUBLIC_PLACE	47	LAOTEL	SAMSUNG	100960	8000
BABEL_OP1_203_58850_20130320_203309_T1_scripted.sph	58850	20130320	203309	58850	inLine	VIENTIANE	M	PUBLIC_PLACE	47	LAOTEL	SAMSUNG	67360	8000
BABEL_OP1_203_58850_20130320_203507_O3_scripted.sph	58850	20130320	203507	58850	inLine	VIENTIANE	M	PUBLIC_PLACE	47	LAOTEL	SAMSUNG	67360	8000
BABEL_OP1_203_58850_20130320_203553_S2_scripted.sph	58850	20130320	203553	58850	inLine	VIENTIANE	M	PUBLIC_PLACE	47	LAOTEL	SAMSUNG	101120	8000
BABEL_OP1_203_58850_20130320_204057_R1_scripted.sph	58850	20130320	204057	58850	inLine	VIENTIANE	M	PUBLIC_PLACE	47	LAOTEL	SAMSUNG	100960	8000
BABEL_OP1_203_58850_20130320_203627_O5_scripted.sph	58850	20130320	203627	58850	inLine	VIENTIANE	M	PUBLIC_PLACE	47	LAOTEL	SAMSUNG	67360	8000
BABEL_OP1_203_58850_20130320_203229_O8_scripted.sph	58850	20130320	203229	58850	inLine	VIENTIANE	M	PUBLIC_PLACE	47	LAOTEL	SAMSUNG	67200	8000
BABEL_OP1_203_58850_20130320_203642_S6_scripted.sph	58850	20130320	203642	58850	inLine	VIENTIANE	M	PUBLIC_PLACE	47	LAOTEL	SAMSUNG	100960	8000
BABEL_OP1_203_58850_20130320_203258_C6_scripted.sph	58850	20130320	203258	58850	inLine	VIENTIANE	M	PUBLIC_PLACE	47	LAOTEL	SAMSUNG	67360	8000
BABEL_OP1_203_58850_20130320_203742_S3_scripted.sph	58850	20130320	203742	58850	inLine	VIENTIANE	M	PUBLIC_PLACE	47	LAOTEL	SAMSUNG	100960	8000
BABEL_OP1_203_58850_20130320_204057_S9_scripted.sph	58850	20130320	204057	58850	inLine	VIENTIANE	M	PUBLIC_PLACE	47	LAOTEL	SAMSUNG	100960	8000
BABEL_OP1_203_58850_20130320_204017_S4_scripted.sph	58850	20130320	204017	58850	inLine	VIENTIANE	M	PUBLIC_PLACE	47	LAOTEL	SAMSUNG	100960	8000
BABEL_OP1_203_58850_20130320_203538_O6_scripted.sph	58850	20130320	203538	58850	inLine	VIENTIANE	M	PUBLIC_PLACE	47	LAOTEL	SAMSUNG	67360	8000
BABEL_OP1_203_58850_20130320_204028_N1_scripted.sph	58850	20130320	204028	58850	inLine	VIENTIANE	M	PUBLIC_PLACE	47	LAOTEL	SAMSUNG	67360	8000
BABEL_OP1_203_58850_20130320_203457_C2_scripted.sph	58850	20130320	203457	58850	inLine	VIENTIANE	M	PUBLIC_PLACE	47	LAOTEL	SAMSUNG	67360	8000
BABEL_OP1_203_58850_20130320_203447_C1_scripted.sph	58850	20130320	203447	58850	inLine	VIENTIANE	M	PUBLIC_PLACE	47	LAOTEL	SAMSUNG	67360	8000
BABEL_OP1_203_58850_20130320_203319_O2_scripted.sph	58850	20130320	203319	58850	inLine	VIENTIANE	M	PUBLIC_PLACE	47	LAOTEL	SAMSUNG	58400	8000
BABEL_OP1_203_58850_20130320_203707_S5_scripted.sph	58850	20130320	203707	58850	inLine	VIENTIANE	M	PUBLIC_PLACE	47	LAOTEL	SAMSUNG	100960	8000
BABEL_OP1_203_58850_20130320_203717_T2_scripted.sph	58850	20130320	203717	58850	inLine	VIENTIANE	M	PUBLIC_PLACE	47	LAOTEL	SAMSUNG	67360	8000
BABEL_OP1_203_58850_20130320_204003_A1_scripted.sph	58850	20130320	204003	58850	inLine	VIENTIANE	M	PUBLIC_PLACE	47	LAOTEL	SAMSUNG	100960	8000
BABEL_OP1_203_58850_20130320_203216_O1_scripted.sph	58850	20130320	203216	58850	inLine	VIENTIANE	M	PUBLIC_PLACE	47	LAOTEL	SAMSUNG	67360	8000
BABEL_OP1_203_58850_20130320_203517_C4_scripted.sph	58850	20130320	203517	58850	inLine	VIENTIANE	M	PUBLIC_PLACE	47	LAOTEL	SAMSUNG	67360	8000
BABEL_OP1_203_58850_20130320_204042_S7_scripted.sph	58850	20130320	204042	58850	inLine	VIENTIANE	M	PUBLIC_PLACE	47	LAOTEL	SAMSUNG	100960	8000
BABEL_OP1_203_58850_20130320_203528_M1_scripted.sph	58850	20130320	203528	58850	inLine	VIENTIANE	M	PUBLIC_PLACE	47	LAOTEL	SAMSUNG	67360	8000
BABEL_OP1_203_58850_20130320_203728_D2_scripted.sph	58850	20130320	203728	58850	inLine	VIENTIANE	M	PUBLIC_PLACE	47	LAOTEL	SAMSUNG	67200	8000
BABEL_OP1_203_58853_20130804_134640_S1_scripted.sph	58853	20130804	134640	58853	inLine	VIENTIANE	F	MICROPHONE	53	LAOTEL	NOKIA	54160	8000
BABEL_OP1_203_58853_20130804_134630_S3_scripted.sph	58853	20130804	134630	58853	inLine	VIENTIANE	F	MICROPHONE	53	LAOTEL	NOKIA	68240	8000
BABEL_OP1_203_58853_20130804_134717_S7_scripted.sph	58853	20130804	134717	58853	inLine	VIENTIANE	F	MICROPHONE	53	LAOTEL	NOKIA	81520	8000
BABEL_OP1_203_58853_20130804_134349_T1_scripted.sph	58853	20130804	134349	58853	inLine	VIENTIANE	F	MICROPHONE	53	LAOTEL	NOKIA	38320	8000
BABEL_OP1_203_58853_20130804_134620_D2_scripted.sph	58853	20130804	134620	58853	inLine	VIENTIANE	F	MICROPHONE	53	LAOTEL	NOKIA	55440	8000
BABEL_OP1_203_58853_20130804_134536_O5_scripted.sph	58853	20130804	134536	58853	inLine	VIENTIANE	F	MICROPHONE	53	LAOTEL	NOKIA	40080	8000
BABEL_OP1_203_58853_20130804_134320_O8_scripted.sph	58853	20130804	134320	58853	inLine	VIENTIANE	F	MICROPHONE	53	LAOTEL	NOKIA	34000	8000
BABEL_OP1_203_58853_20130804_134439_C2_scripted.sph	58853	20130804	134439	58853	inLine	VIENTIANE	F	MICROPHONE	53	LAOTEL	NOKIA	51600	8000
BABEL_OP1_203_58853_20130804_134529_S2_scripted.sph	58853	20130804	134529	58853	inLine	VIENTIANE	F	MICROPHONE	53	LAOTEL	NOKIA	44720	8000
BABEL_OP1_203_58853_20130804_134729_R1_scripted.sph	58853	20130804	134729	58853	inLine	VIENTIANE	F	MICROPHONE	53	LAOTEL	NOKIA	78000	8000
BABEL_OP1_203_58853_20130804_134521_O6_scripted.sph	58853	20130804	134521	58853	inLine	VIENTIANE	F	MICROPHONE	53	LAOTEL	NOKIA	41360	8000
BABEL_OP1_203_58853_20130804_134544_S6_scripted.sph	58853	20130804	134544	58853	inLine	VIENTIANE	F	MICROPHONE	53	LAOTEL	NOKIA	51920	8000
BABEL_OP1_203_58853_20130804_134431_C1_scripted.sph	58853	20130804	134431	58853	inLine	VIENTIANE	F	MICROPHONE	53	LAOTEL	NOKIA	40080	8000
BABEL_OP1_203_58853_20130804_134424_S8_scripted.sph	58853	20130804	134424	58853	inLine	VIENTIANE	F	MICROPHONE	53	LAOTEL	NOKIA	80240	8000
BABEL_OP1_203_58853_20130804_134656_S4_scripted.sph	58853	20130804	134656	58853	inLine	VIENTIANE	F	MICROPHONE	53	LAOTEL	NOKIA	51440	8000
BABEL_OP1_203_58853_20130804_134705_N1_scripted.sph	58853	20130804	134705	58853	inLine	VIENTIANE	F	MICROPHONE	53	LAOTEL	NOKIA	55760	8000
BABEL_OP1_203_58853_20130804_134601_S5_scripted.sph	58853	20130804	134601	58853	inLine	VIENTIANE	F	MICROPHONE	53	LAOTEL	NOKIA	50800	8000
BABEL_OP1_203_58853_20130804_134311_O1_scripted.sph	58853	20130804	134311	58853	inLine	VIENTIANE	F	MICROPHONE	53	LAOTEL	NOKIA	31120	8000
BABEL_OP1_203_58853_20130804_134611_T2_scripted.sph	58853	20130804	134611	58853	inLine	VIENTIANE	F	MICROPHONE	53	LAOTEL	NOKIA	63440	8000
BABEL_OP1_203_58853_20130804_134513_M1_scripted.sph	58853	20130804	134513	58853	inLine	VIENTIANE	F	MICROPHONE	53	LAOTEL	NOKIA	56560	8000
BABEL_OP1_203_58853_20130804_134329_D1_scripted.sph	58853	20130804	134329	58853	inLine	VIENTIANE	F	MICROPHONE	53	LAOTEL	NOKIA	50480	8000
BABEL_OP1_203_58853_20130804_134356_O2_scripted.sph	58853	20130804	134356	58853	inLine	VIENTIANE	F	MICROPHONE	53	LAOTEL	NOKIA	32720	8000
BABEL_OP1_203_58853_20130804_134504_C4_scripted.sph	58853	20130804	134504	58853	inLine	VIENTIANE	F	MICROPHONE	53	LAOTEL	NOKIA	47760	8000
BABEL_OP1_203_58853_20130804_134729_S9_scripted.sph	58853	20130804	134729	58853	inLine	VIENTIANE	F	MICROPHONE	53	LAOTEL	NOKIA	78000	8000
BABEL_OP1_203_58853_20130804_134341_C6_scripted.sph	58853	20130804	134341	58853	inLine	VIENTIANE	F	MICROPHONE	53	LAOTEL	NOKIA	50640	8000
BABEL_OP1_203_58853_20130804_134446_O3_scripted.sph	58853	20130804	134446	58853	inLine	VIENTIANE	F	MICROPHONE	53	LAOTEL	NOKIA	33680	8000
BABEL_OP1_203_58853_20130804_134552_D3_scripted.sph	58853	20130804	134552	58853	inLine	VIENTIANE	F	MICROPHONE	53	LAOTEL	NOKIA	43760	8000
BABEL_OP1_203_58853_20130804_134647_A1_scripted.sph	58853	20130804	134647	58853	inLine	VIENTIANE	F	MICROPHONE	53	LAOTEL	NOKIA	40560	8000
BABEL_OP1_203_61011_20130306_215745_S7_scripted.sph	61011	20130306	215745	61011	inLine	VIENTIANE	F	HOME_OFFICE_MOBILE	32	LAOTEL	UNKNOWN	55440	8000
BABEL_OP1_203_61011_20130306_215650_S3_scripted.sph	61011	20130306	215650	61011	inLine	VIENTIANE	F	HOME_OFFICE_MOBILE	32	LAOTEL	UNKNOWN	39440	8000
BABEL_OP1_203_61011_20130306_215533_S2_scripted.sph	61011	20130306	215533	61011	inLine	VIENTIANE	F	HOME_OFFICE_MOBILE	32	LAOTEL	UNKNOWN	100960	8000
BABEL_OP1_203_61011_20130306_215759_S9_scripted.sph	61011	20130306	215759	61011	inLine	VIENTIANE	F	HOME_OFFICE_MOBILE	32	LAOTEL	UNKNOWN	96400	8000
BABEL_OP1_203_61011_20130306_215427_O3_scripted.sph	61011	20130306	215427	61011	inLine	VIENTIANE	F	HOME_OFFICE_MOBILE	32	LAOTEL	UNKNOWN	33360	8000
BABEL_OP1_203_61011_20130306_215411_C1_scripted.sph	61011	20130306	215411	61011	inLine	VIENTIANE	F	HOME_OFFICE_MOBILE	32	LAOTEL	UNKNOWN	67200	8000
BABEL_OP1_203_61011_20130306_215518_O6_scripted.sph	61011	20130306	215518	61011	inLine	VIENTIANE	F	HOME_OFFICE_MOBILE	32	LAOTEL	UNKNOWN	67200	8000
BABEL_OP1_203_61011_20130306_215643_D2_scripted.sph	61011	20130306	215643	61011	inLine	VIENTIANE	F	HOME_OFFICE_MOBILE	32	LAOTEL	UNKNOWN	67360	8000
BABEL_OP1_203_61011_20130306_215759_R1_scripted.sph	61011	20130306	215759	61011	inLine	VIENTIANE	F	HOME_OFFICE_MOBILE	32	LAOTEL	UNKNOWN	96400	8000
BABEL_OP1_203_61011_20130306_215312_C6_scripted.sph	61011	20130306	215312	61011	inLine	VIENTIANE	F	HOME_OFFICE_MOBILE	32	LAOTEL	UNKNOWN	67360	8000
BABEL_OP1_203_61011_20130306_215457_C4_scripted.sph	61011	20130306	215457	61011	inLine	VIENTIANE	F	HOME_OFFICE_MOBILE	32	LAOTEL	UNKNOWN	67360	8000
BABEL_OP1_203_61011_20130306_215633_T2_scripted.sph	61011	20130306	215633	61011	inLine	VIENTIANE	F	HOME_OFFICE_MOBILE	32	LAOTEL	UNKNOWN	67360	8000
BABEL_OP1_203_61011_20130306_215608_D3_scripted.sph	61011	20130306	215608	61011	inLine	VIENTIANE	F	HOME_OFFICE_MOBILE	32	LAOTEL	UNKNOWN	67360	8000
BABEL_OP1_203_61011_20130306_215259_D1_scripted.sph	61011	20130306	215259	61011	inLine	VIENTIANE	F	HOME_OFFICE_MOBILE	32	LAOTEL	UNKNOWN	33360	8000
BABEL_OP1_203_61011_20130306_215251_O8_scripted.sph	61011	20130306	215251	61011	inLine	VIENTIANE	F	HOME_OFFICE_MOBILE	32	LAOTEL	UNKNOWN	37680	8000
BABEL_OP1_203_61011_20130306_215557_S6_scripted.sph	61011	20130306	215557	61011	inLine	VIENTIANE	F	HOME_OFFICE_MOBILE	32	LAOTEL	UNKNOWN	100960	8000
BABEL_OP1_203_61011_20130306_215421_C2_scripted.sph	61011	20130306	215421	61011	inLine	VIENTIANE	F	HOME_OFFICE_MOBILE	32	LAOTEL	UNKNOWN	67200	8000
BABEL_OP1_203_61011_20130306_215623_S5_scripted.sph	61011	20130306	215623	61011	inLine	VIENTIANE	F	HOME_OFFICE_MOBILE	32	LAOTEL	UNKNOWN	101120	8000
BABEL_OP1_203_61011_20130306_215726_S4_scripted.sph	61011	20130306	215726	61011	inLine	VIENTIANE	F	HOME_OFFICE_MOBILE	32	LAOTEL	UNKNOWN	88560	8000
BABEL_OP1_203_61011_20130306_215658_S1_scripted.sph	61011	20130306	215658	61011	inLine	VIENTIANE	F	HOME_OFFICE_MOBILE	32	LAOTEL	UNKNOWN	45360	8000
BABEL_OP1_203_61011_20130306_215401_S8_scripted.sph	61011	20130306	215401	61011	inLine	VIENTIANE	F	HOME_OFFICE_MOBILE	32	LAOTEL	UNKNOWN	101120	8000
BABEL_OP1_203_61011_20130306_215242_O1_scripted.sph	61011	20130306	215242	61011	inLine	VIENTIANE	F	HOME_OFFICE_MOBILE	32	LAOTEL	UNKNOWN	39440	8000
BABEL_OP1_203_61011_20130306_215712_A1_scripted.sph	61011	20130306	215712	61011	inLine	VIENTIANE	F	HOME_OFFICE_MOBILE	32	LAOTEL	UNKNOWN	90160	8000
BABEL_OP1_203_61011_20130306_215543_O5_scripted.sph	61011	20130306	215543	61011	inLine	VIENTIANE	F	HOME_OFFICE_MOBILE	32	LAOTEL	UNKNOWN	67200	8000
BABEL_OP1_203_61011_20130306_215330_O2_scripted.sph	61011	20130306	215330	61011	inLine	VIENTIANE	F	HOME_OFFICE_MOBILE	32	LAOTEL	UNKNOWN	58880	8000
BABEL_OP1_203_61011_20130306_215320_T1_scripted.sph	61011	20130306	215320	61011	inLine	VIENTIANE	F	HOME_OFFICE_MOBILE	32	LAOTEL	UNKNOWN	40880	8000
BABEL_OP1_203_61011_20130306_215508_M1_scripted.sph	61011	20130306	215508	61011	inLine	VIENTIANE	F	HOME_OFFICE_MOBILE	32	LAOTEL	UNKNOWN	67360	8000
BABEL_OP1_203_61011_20130306_215736_N1_scripted.sph	61011	20130306	215736	61011	inLine	VIENTIANE	F	HOME_OFFICE_MOBILE	32	LAOTEL	UNKNOWN	67360	8000
BABEL_OP1_203_62362_20130513_151606_S5_scripted.sph	62362	20130513	151606	62362	inLine	VIENTIANE	M	VEHICLE	60	LAOTEL	SAMSUNG	73200	8000
BABEL_OP1_203_62362_20130513_151347_O6_scripted.sph	62362	20130513	151347	62362	inLine	VIENTIANE	M	VEHICLE	60	LAOTEL	SAMSUNG	67360	8000
BABEL_OP1_203_62362_20130513_151554_D3_scripted.sph	62362	20130513	151554	62362	inLine	VIENTIANE	M	VEHICLE	60	LAOTEL	SAMSUNG	52240	8000
BABEL_OP1_203_62362_20130513_151209_O2_scripted.sph	62362	20130513	151209	62362	inLine	VIENTIANE	M	VEHICLE	60	LAOTEL	SAMSUNG	58880	8000
BABEL_OP1_203_62362_20130513_151136_C6_scripted.sph	62362	20130513	151136	62362	inLine	VIENTIANE	M	VEHICLE	60	LAOTEL	SAMSUNG	56240	8000
BABEL_OP1_203_62362_20130513_151744_S1_scripted.sph	62362	20130513	151744	62362	inLine	VIENTIANE	M	VEHICLE	60	LAOTEL	SAMSUNG	100960	8000
BABEL_OP1_203_62362_20130513_151053_O8_scripted.sph	62362	20130513	151053	62362	inLine	VIENTIANE	M	VEHICLE	60	LAOTEL	SAMSUNG	42000	8000
BABEL_OP1_203_62362_20130513_151616_T2_scripted.sph	62362	20130513	151616	62362	inLine	VIENTIANE	M	VEHICLE	60	LAOTEL	SAMSUNG	67360	8000
BABEL_OP1_203_62362_20130513_151500_O5_scripted.sph	62362	20130513	151500	62362	inLine	VIENTIANE	M	VEHICLE	60	LAOTEL	SAMSUNG	43120	8000
BABEL_OP1_203_62362_20130513_151801_S4_scripted.sph	62362	20130513	151801	62362	inLine	VIENTIANE	M	VEHICLE	60	LAOTEL	SAMSUNG	62160	8000
BABEL_OP1_203_62362_20130513_151159_T1_scripted.sph	62362	20130513	151159	62362	inLine	VIENTIANE	M	VEHICLE	60	LAOTEL	SAMSUNG	37840	8000
BABEL_OP1_203_62362_20130513_151337_M1_scripted.sph	62362	20130513	151337	62362	inLine	VIENTIANE	M	VEHICLE	60	LAOTEL	SAMSUNG	59600	8000
BABEL_OP1_203_62362_20130513_151237_S8_scripted.sph	62362	20130513	151237	62362	inLine	VIENTIANE	M	VEHICLE	60	LAOTEL	SAMSUNG	72400	8000
BABEL_OP1_203_62362_20130513_151327_C4_scripted.sph	62362	20130513	151327	62362	inLine	VIENTIANE	M	VEHICLE	60	LAOTEL	SAMSUNG	63280	8000
BABEL_OP1_203_62362_20130513_151531_S6_scripted.sph	62362	20130513	151531	62362	inLine	VIENTIANE	M	VEHICLE	60	LAOTEL	SAMSUNG	78960	8000
BABEL_OP1_203_62362_20130513_151636_S3_scripted.sph	62362	20130513	151636	62362	inLine	VIENTIANE	M	VEHICLE	60	LAOTEL	SAMSUNG	55920	8000
BABEL_OP1_203_62362_20130513_151810_N1_scripted.sph	62362	20130513	151810	62362	inLine	VIENTIANE	M	VEHICLE	60	LAOTEL	SAMSUNG	55280	8000
BABEL_OP1_203_62362_20130513_151317_O3_scripted.sph	62362	20130513	151317	62362	inLine	VIENTIANE	M	VEHICLE	60	LAOTEL	SAMSUNG	42160	8000
BABEL_OP1_203_62362_20130513_151042_O1_scripted.sph	62362	20130513	151042	62362	inLine	VIENTIANE	M	VEHICLE	60	LAOTEL	SAMSUNG	41520	8000
BABEL_OP1_203_62362_20130513_151105_D1_scripted.sph	62362	20130513	151105	62362	inLine	VIENTIANE	M	VEHICLE	60	LAOTEL	SAMSUNG	74640	8000
BABEL_OP1_203_62362_20130513_151452_S2_scripted.sph	62362	20130513	151452	62362	inLine	VIENTIANE	M	VEHICLE	60	LAOTEL	SAMSUNG	100960	8000
BABEL_OP1_203_62362_20130513_151834_R1_scripted.sph	62362	20130513	151834	62362	inLine	VIENTIANE	M	VEHICLE	60	LAOTEL	SAMSUNG	100960	8000
BABEL_OP1_203_62362_20130513_151255_C2_scripted.sph	62362	20130513	151255	62362	inLine	VIENTIANE	M	VEHICLE	60	LAOTEL	SAMSUNG	54800	8000
BABEL_OP1_203_62362_20130513_151751_A1_scripted.sph	62362	20130513	151751	62362	inLine	VIENTIANE	M	VEHICLE	60	LAOTEL	SAMSUNG	35600	8000
BABEL_OP1_203_62362_20130513_151247_C1_scripted.sph	62362	20130513	151247	62362	inLine	VIENTIANE	M	VEHICLE	60	LAOTEL	SAMSUNG	67200	8000
BABEL_OP1_203_62362_20130513_151834_S9_scripted.sph	62362	20130513	151834	62362	inLine	VIENTIANE	M	VEHICLE	60	LAOTEL	SAMSUNG	100960	8000
BABEL_OP1_203_62362_20130513_151626_D2_scripted.sph	62362	20130513	151626	62362	inLine	VIENTIANE	M	VEHICLE	60	LAOTEL	SAMSUNG	66560	8000
BABEL_OP1_203_62362_20130513_151820_S7_scripted.sph	62362	20130513	151820	62362	inLine	VIENTIANE	M	VEHICLE	60	LAOTEL	SAMSUNG	63440	8000
BABEL_OP1_203_63094_20130512_171053_S2_scripted.sph	63094	20130512	171053	63094	inLine	VIENTIANE	M	HOME_OFFICE_LANDLINE	49	LAOTEL	LG	49360	8000
BABEL_OP1_203_63094_20130512_171428_S3_scripted.sph	63094	20130512	171428	63094	inLine	VIENTIANE	M	HOME_OFFICE_LANDLINE	49	LAOTEL	LG	94640	8000
BABEL_OP1_203_63094_20130512_171034_M1_scripted.sph	63094	20130512	171034	63094	inLine	VIENTIANE	M	HOME_OFFICE_LANDLINE	49	LAOTEL	LG	52720	8000
BABEL_OP1_203_63094_20130512_171345_T2_scripted.sph	63094	20130512	171345	63094	inLine	VIENTIANE	M	HOME_OFFICE_LANDLINE	49	LAOTEL	LG	67360	8000
BABEL_OP1_203_63094_20130512_170714_C6_scripted.sph	63094	20130512	170714	63094	inLine	VIENTIANE	M	HOME_OFFICE_LANDLINE	49	LAOTEL	LG	67200	8000
BABEL_OP1_203_63094_20130512_171508_S4_scripted.sph	63094	20130512	171508	63094	inLine	VIENTIANE	M	HOME_OFFICE_LANDLINE	49	LAOTEL	LG	62160	8000
BABEL_OP1_203_63094_20130512_171110_O5_scripted.sph	63094	20130512	171110	63094	inLine	VIENTIANE	M	HOME_OFFICE_LANDLINE	49	LAOTEL	LG	35760	8000
BABEL_OP1_203_63094_20130512_171742_S7_scripted.sph	63094	20130512	171742	63094	inLine	VIENTIANE	M	HOME_OFFICE_LANDLINE	49	LAOTEL	LG	100960	8000
BABEL_OP1_203_63094_20130512_170649_O8_scripted.sph	63094	20130512	170649	63094	inLine	VIENTIANE	M	HOME_OFFICE_LANDLINE	49	LAOTEL	LG	46800	8000
BABEL_OP1_203_63094_20130512_170638_O1_scripted.sph	63094	20130512	170638	63094	inLine	VIENTIANE	M	HOME_OFFICE_LANDLINE	49	LAOTEL	LG	63920	8000
BABEL_OP1_203_63094_20130512_170737_T1_scripted.sph	63094	20130512	170737	63094	inLine	VIENTIANE	M	HOME_OFFICE_LANDLINE	49	LAOTEL	LG	41200	8000
BABEL_OP1_203_63094_20130512_170700_D1_scripted.sph	63094	20130512	170700	63094	inLine	VIENTIANE	M	HOME_OFFICE_LANDLINE	49	LAOTEL	LG	63120	8000
BABEL_OP1_203_63094_20130512_170814_S8_scripted.sph	63094	20130512	170814	63094	inLine	VIENTIANE	M	HOME_OFFICE_LANDLINE	49	LAOTEL	LG	92400	8000
BABEL_OP1_203_63094_20130512_171516_N1_scripted.sph	63094	20130512	171516	63094	inLine	VIENTIANE	M	HOME_OFFICE_LANDLINE	49	LAOTEL	LG	46480	8000
BABEL_OP1_203_63094_20130512_170919_C4_scripted.sph	63094	20130512	170919	63094	inLine	VIENTIANE	M	HOME_OFFICE_LANDLINE	49	LAOTEL	LG	56720	8000
BABEL_OP1_203_63094_20130512_170903_C2_scripted.sph	63094	20130512	170903	63094	inLine	VIENTIANE	M	HOME_OFFICE_LANDLINE	49	LAOTEL	LG	67360	8000
BABEL_OP1_203_63094_20130512_171437_S1_scripted.sph	63094	20130512	171437	63094	inLine	VIENTIANE	M	HOME_OFFICE_LANDLINE	49	LAOTEL	LG	60560	8000
BABEL_OP1_203_63094_20130512_171757_S9_scripted.sph	63094	20130512	171757	63094	inLine	VIENTIANE	M	HOME_OFFICE_LANDLINE	49	LAOTEL	LG	100800	8000
BABEL_OP1_203_63094_20130512_170744_O2_scripted.sph	63094	20130512	170744	63094	inLine	VIENTIANE	M	HOME_OFFICE_LANDLINE	49	LAOTEL	LG	33200	8000
BABEL_OP1_203_63094_20130512_171356_D2_scripted.sph	63094	20130512	171356	63094	inLine	VIENTIANE	M	HOME_OFFICE_LANDLINE	49	LAOTEL	LG	67360	8000
BABEL_OP1_203_63094_20130512_171045_O6_scripted.sph	63094	20130512	171045	63094	inLine	VIENTIANE	M	HOME_OFFICE_LANDLINE	49	LAOTEL	LG	67200	8000
BABEL_OP1_203_63094_20130512_170910_O3_scripted.sph	63094	20130512	170910	63094	inLine	VIENTIANE	M	HOME_OFFICE_LANDLINE	49	LAOTEL	LG	35120	8000
BABEL_OP1_203_63094_20130512_171141_S6_scripted.sph	63094	20130512	171141	63094	inLine	VIENTIANE	M	HOME_OFFICE_LANDLINE	49	LAOTEL	LG	83600	8000
BABEL_OP1_203_63094_20130512_170822_C1_scripted.sph	63094	20130512	170822	63094	inLine	VIENTIANE	M	HOME_OFFICE_LANDLINE	49	LAOTEL	LG	49840	8000
BABEL_OP1_203_63094_20130512_171207_D3_scripted.sph	63094	20130512	171207	63094	inLine	VIENTIANE	M	HOME_OFFICE_LANDLINE	49	LAOTEL	LG	35440	8000
BABEL_OP1_203_63094_20130512_171757_R1_scripted.sph	63094	20130512	171757	63094	inLine	VIENTIANE	M	HOME_OFFICE_LANDLINE	49	LAOTEL	LG	100800	8000
BABEL_OP1_203_63094_20130512_171458_A1_scripted.sph	63094	20130512	171458	63094	inLine	VIENTIANE	M	HOME_OFFICE_LANDLINE	49	LAOTEL	LG	37840	8000
BABEL_OP1_203_63094_20130512_171256_S5_scripted.sph	63094	20130512	171256	63094	inLine	VIENTIANE	M	HOME_OFFICE_LANDLINE	49	LAOTEL	LG	88080	8000
BABEL_OP1_203_64014_20130411_194123_S9_scripted.sph	64014	20130411	194123	64014	inLine	VIENTIANE	F	HOME_OFFICE_LANDLINE	31	LAOTEL	LG	93840	8000
BABEL_OP1_203_64014_20130411_193944_S3_scripted.sph	64014	20130411	193944	64014	inLine	VIENTIANE	F	HOME_OFFICE_LANDLINE	31	LAOTEL	LG	66000	8000
BABEL_OP1_203_64014_20130411_193923_T2_scripted.sph	64014	20130411	193923	64014	inLine	VIENTIANE	F	HOME_OFFICE_LANDLINE	31	LAOTEL	LG	55920	8000
BABEL_OP1_203_64014_20130411_193933_D2_scripted.sph	64014	20130411	193933	64014	inLine	VIENTIANE	F	HOME_OFFICE_LANDLINE	31	LAOTEL	LG	67360	8000
BABEL_OP1_203_64014_20130411_193453_O2_scripted.sph	64014	20130411	193453	64014	inLine	VIENTIANE	F	HOME_OFFICE_LANDLINE	31	LAOTEL	LG	36560	8000
BABEL_OP1_203_64014_20130411_193553_S8_scripted.sph	64014	20130411	193553	64014	inLine	VIENTIANE	F	HOME_OFFICE_LANDLINE	31	LAOTEL	LG	77040	8000
BABEL_OP1_203_64014_20130411_193645_O6_scripted.sph	64014	20130411	193645	64014	inLine	VIENTIANE	F	HOME_OFFICE_LANDLINE	31	LAOTEL	LG	55760	8000
BABEL_OP1_203_64014_20130411_193955_S1_scripted.sph	64014	20130411	193955	64014	inLine	VIENTIANE	F	HOME_OFFICE_LANDLINE	31	LAOTEL	LG	72400	8000
BABEL_OP1_203_64014_20130411_194001_A1_scripted.sph	64014	20130411	194001	64014	inLine	VIENTIANE	F	HOME_OFFICE_LANDLINE	31	LAOTEL	LG	29040	8000
BABEL_OP1_203_64014_20130411_193840_S2_scripted.sph	64014	20130411	193840	64014	inLine	VIENTIANE	F	HOME_OFFICE_LANDLINE	31	LAOTEL	LG	87920	8000
BABEL_OP1_203_64014_20130411_194101_N1_scripted.sph	64014	20130411	194101	64014	inLine	VIENTIANE	F	HOME_OFFICE_LANDLINE	31	LAOTEL	LG	62640	8000
BABEL_OP1_203_64014_20130411_193601_C1_scripted.sph	64014	20130411	193601	64014	inLine	VIENTIANE	F	HOME_OFFICE_LANDLINE	31	LAOTEL	LG	53360	8000
BABEL_OP1_203_64014_20130411_193914_S5_scripted.sph	64014	20130411	193914	64014	inLine	VIENTIANE	F	HOME_OFFICE_LANDLINE	31	LAOTEL	LG	56080	8000
BABEL_OP1_203_64014_20130411_194123_R1_scripted.sph	64014	20130411	194123	64014	inLine	VIENTIANE	F	HOME_OFFICE_LANDLINE	31	LAOTEL	LG	93840	8000
BABEL_OP1_203_64014_20130411_193848_O5_scripted.sph	64014	20130411	193848	64014	inLine	VIENTIANE	F	HOME_OFFICE_LANDLINE	31	LAOTEL	LG	47920	8000
BABEL_OP1_203_64014_20130411_193859_S6_scripted.sph	64014	20130411	193859	64014	inLine	VIENTIANE	F	HOME_OFFICE_LANDLINE	31	LAOTEL	LG	65680	8000
BABEL_OP1_203_64014_20130411_193426_D1_scripted.sph	64014	20130411	193426	64014	inLine	VIENTIANE	F	HOME_OFFICE_LANDLINE	31	LAOTEL	LG	67280	8000
BABEL_OP1_203_64014_20130411_193405_O1_scripted.sph	64014	20130411	193405	64014	inLine	VIENTIANE	F	HOME_OFFICE_LANDLINE	31	LAOTEL	LG	40880	8000
BABEL_OP1_203_64014_20130411_193626_C4_scripted.sph	64014	20130411	193626	64014	inLine	VIENTIANE	F	HOME_OFFICE_LANDLINE	31	LAOTEL	LG	56400	8000
BABEL_OP1_203_64014_20130411_193446_T1_scripted.sph	64014	20130411	193446	64014	inLine	VIENTIANE	F	HOME_OFFICE_LANDLINE	31	LAOTEL	LG	34960	8000
BABEL_OP1_203_64014_20130411_193905_D3_scripted.sph	64014	20130411	193905	64014	inLine	VIENTIANE	F	HOME_OFFICE_LANDLINE	31	LAOTEL	LG	29680	8000
BABEL_OP1_203_64014_20130411_194109_S7_scripted.sph	64014	20130411	194109	64014	inLine	VIENTIANE	F	HOME_OFFICE_LANDLINE	31	LAOTEL	LG	49840	8000
BABEL_OP1_203_64014_20130411_193636_M1_scripted.sph	64014	20130411	193636	64014	inLine	VIENTIANE	F	HOME_OFFICE_LANDLINE	31	LAOTEL	LG	64240	8000
BABEL_OP1_203_64014_20130411_194051_S4_scripted.sph	64014	20130411	194051	64014	inLine	VIENTIANE	F	HOME_OFFICE_LANDLINE	31	LAOTEL	LG	93840	8000
BABEL_OP1_203_64014_20130411_193616_O3_scripted.sph	64014	20130411	193616	64014	inLine	VIENTIANE	F	HOME_OFFICE_LANDLINE	31	LAOTEL	LG	28560	8000
BABEL_OP1_203_64014_20130411_193611_C2_scripted.sph	64014	20130411	193611	64014	inLine	VIENTIANE	F	HOME_OFFICE_LANDLINE	31	LAOTEL	LG	62960	8000
BABEL_OP1_203_64014_20130411_193414_O8_scripted.sph	64014	20130411	193414	64014	inLine	VIENTIANE	F	HOME_OFFICE_LANDLINE	31	LAOTEL	LG	34160	8000
BABEL_OP1_203_64014_20130411_193439_C6_scripted.sph	64014	20130411	193439	64014	inLine	VIENTIANE	F	HOME_OFFICE_LANDLINE	31	LAOTEL	LG	62000	8000
BABEL_OP1_203_65723_20130313_211330_N1_scripted.sph	65723	20130313	211330	65723	inLine	VIENTIANE	F	VEHICLE	43	LAOTEL	NOKIA	67360	8000
BABEL_OP1_203_65723_20130313_211049_M1_scripted.sph	65723	20130313	211049	65723	inLine	VIENTIANE	F	VEHICLE	43	LAOTEL	NOKIA	67200	8000
BABEL_OP1_203_65723_20130313_211108_S2_scripted.sph	65723	20130313	211108	65723	inLine	VIENTIANE	F	VEHICLE	43	LAOTEL	NOKIA	65360	8000
BABEL_OP1_203_65723_20130313_211426_S9_scripted.sph	65723	20130313	211426	65723	inLine	VIENTIANE	F	VEHICLE	43	LAOTEL	NOKIA	101120	8000
BABEL_OP1_203_65723_20130313_211232_D2_scripted.sph	65723	20130313	211232	65723	inLine	VIENTIANE	F	VEHICLE	43	LAOTEL	NOKIA	55440	8000
BABEL_OP1_203_65723_20130313_211319_S4_scripted.sph	65723	20130313	211319	65723	inLine	VIENTIANE	F	VEHICLE	43	LAOTEL	NOKIA	101120	8000
BABEL_OP1_203_65723_20130313_211024_C2_scripted.sph	65723	20130313	211024	65723	inLine	VIENTIANE	F	VEHICLE	43	LAOTEL	NOKIA	63920	8000
BABEL_OP1_203_65723_20130313_210819_O1_scripted.sph	65723	20130313	210819	65723	inLine	VIENTIANE	F	VEHICLE	43	LAOTEL	NOKIA	37680	8000
BABEL_OP1_203_65723_20130313_210922_T1_scripted.sph	65723	20130313	210922	65723	inLine	VIENTIANE	F	VEHICLE	43	LAOTEL	NOKIA	40240	8000
BABEL_OP1_203_65723_20130313_211257_S1_scripted.sph	65723	20130313	211257	65723	inLine	VIENTIANE	F	VEHICLE	43	LAOTEL	NOKIA	101120	8000
BABEL_OP1_203_65723_20130313_210850_O8_scripted.sph	65723	20130313	210850	65723	inLine	VIENTIANE	F	VEHICLE	43	LAOTEL	NOKIA	41360	8000
BABEL_OP1_203_65723_20130313_211133_S6_scripted.sph	65723	20130313	211133	65723	inLine	VIENTIANE	F	VEHICLE	43	LAOTEL	NOKIA	100960	8000
BABEL_OP1_203_65723_20130313_210901_D1_scripted.sph	65723	20130313	210901	65723	inLine	VIENTIANE	F	VEHICLE	43	LAOTEL	NOKIA	61360	8000
BABEL_OP1_203_65723_20130313_211030_O3_scripted.sph	65723	20130313	211030	65723	inLine	VIENTIANE	F	VEHICLE	43	LAOTEL	NOKIA	38000	8000
BABEL_OP1_203_65723_20130313_211426_R1_scripted.sph	65723	20130313	211426	65723	inLine	VIENTIANE	F	VEHICLE	43	LAOTEL	NOKIA	101120	8000
BABEL_OP1_203_65723_20130313_211057_O6_scripted.sph	65723	20130313	211057	65723	inLine	VIENTIANE	F	VEHICLE	43	LAOTEL	NOKIA	48560	8000
BABEL_OP1_203_65723_20130313_211143_D3_scripted.sph	65723	20130313	211143	65723	inLine	VIENTIANE	F	VEHICLE	43	LAOTEL	NOKIA	67360	8000
BABEL_OP1_203_65723_20130313_211039_C4_scripted.sph	65723	20130313	211039	65723	inLine	VIENTIANE	F	VEHICLE	43	LAOTEL	NOKIA	47600	8000
BABEL_OP1_203_65723_20130313_211242_S3_scripted.sph	65723	20130313	211242	65723	inLine	VIENTIANE	F	VEHICLE	43	LAOTEL	NOKIA	62000	8000
BABEL_OP1_203_65723_20130313_210914_C6_scripted.sph	65723	20130313	210914	65723	inLine	VIENTIANE	F	VEHICLE	43	LAOTEL	NOKIA	67200	8000
BABEL_OP1_203_65723_20130313_211118_O5_scripted.sph	65723	20130313	211118	65723	inLine	VIENTIANE	F	VEHICLE	43	LAOTEL	NOKIA	67360	8000
BABEL_OP1_203_65723_20130313_211214_S5_scripted.sph	65723	20130313	211214	65723	inLine	VIENTIANE	F	VEHICLE	43	LAOTEL	NOKIA	79600	8000
BABEL_OP1_203_65723_20130313_211223_T2_scripted.sph	65723	20130313	211223	65723	inLine	VIENTIANE	F	VEHICLE	43	LAOTEL	NOKIA	52080	8000
BABEL_OP1_203_65723_20130313_210930_O2_scripted.sph	65723	20130313	210930	65723	inLine	VIENTIANE	F	VEHICLE	43	LAOTEL	NOKIA	37840	8000
BABEL_OP1_203_65723_20130313_211014_C1_scripted.sph	65723	20130313	211014	65723	inLine	VIENTIANE	F	VEHICLE	43	LAOTEL	NOKIA	54320	8000
BABEL_OP1_203_65723_20130313_211305_A1_scripted.sph	65723	20130313	211305	65723	inLine	VIENTIANE	F	VEHICLE	43	LAOTEL	NOKIA	43280	8000
BABEL_OP1_203_65723_20130313_210956_S8_scripted.sph	65723	20130313	210956	65723	inLine	VIENTIANE	F	VEHICLE	43	LAOTEL	NOKIA	58320	8000
BABEL_OP1_203_65723_20130313_211411_S7_scripted.sph	65723	20130313	211411	65723	inLine	VIENTIANE	F	VEHICLE	43	LAOTEL	NOKIA	100960	8000
BABEL_OP1_203_69885_20130729_180646_S7_scripted.sph	69885	20130729	180646	69885	inLine	VIENTIANE	M	MICROPHONE	31	LAOTEL	NOKIA	100960	8000
BABEL_OP1_203_69885_20130729_180302_S5_scripted.sph	69885	20130729	180302	69885	inLine	VIENTIANE	M	MICROPHONE	31	LAOTEL	NOKIA	85520	8000
BABEL_OP1_203_69885_20130729_180059_O3_scripted.sph	69885	20130729	180059	69885	inLine	VIENTIANE	M	MICROPHONE	31	LAOTEL	NOKIA	39760	8000
BABEL_OP1_203_69885_20130729_180152_O6_scripted.sph	69885	20130729	180152	69885	inLine	VIENTIANE	M	MICROPHONE	31	LAOTEL	NOKIA	46960	8000
BABEL_OP1_203_69885_20130729_180558_N1_scripted.sph	69885	20130729	180558	69885	inLine	VIENTIANE	M	MICROPHONE	31	LAOTEL	NOKIA	62320	8000
BABEL_OP1_203_69885_20130729_180701_S9_scripted.sph	69885	20130729	180701	69885	inLine	VIENTIANE	M	MICROPHONE	31	LAOTEL	NOKIA	95280	8000
BABEL_OP1_203_69885_20130729_180037_S8_scripted.sph	69885	20130729	180037	69885	inLine	VIENTIANE	M	MICROPHONE	31	LAOTEL	NOKIA	56400	8000
BABEL_OP1_203_69885_20130729_180431_D2_scripted.sph	69885	20130729	180431	69885	inLine	VIENTIANE	M	MICROPHONE	31	LAOTEL	NOKIA	67360	8000
BABEL_OP1_203_69885_20130729_180218_S2_scripted.sph	69885	20130729	180218	69885	inLine	VIENTIANE	M	MICROPHONE	31	LAOTEL	NOKIA	57360	8000
BABEL_OP1_203_69885_20130729_180512_S3_scripted.sph	69885	20130729	180512	69885	inLine	VIENTIANE	M	MICROPHONE	31	LAOTEL	NOKIA	97840	8000
BABEL_OP1_203_69885_20130729_180115_M1_scripted.sph	69885	20130729	180115	69885	inLine	VIENTIANE	M	MICROPHONE	31	LAOTEL	NOKIA	46000	8000
BABEL_OP1_203_69885_20130729_180249_D3_scripted.sph	69885	20130729	180249	69885	inLine	VIENTIANE	M	MICROPHONE	31	LAOTEL	NOKIA	58960	8000
BABEL_OP1_203_69885_20130729_175805_D1_scripted.sph	69885	20130729	175805	69885	inLine	VIENTIANE	M	MICROPHONE	31	LAOTEL	NOKIA	59280	8000
BABEL_OP1_203_69885_20130729_175824_T1_scripted.sph	69885	20130729	175824	69885	inLine	VIENTIANE	M	MICROPHONE	31	LAOTEL	NOKIA	34960	8000
BABEL_OP1_203_69885_20130729_180412_T2_scripted.sph	69885	20130729	180412	69885	inLine	VIENTIANE	M	MICROPHONE	31	LAOTEL	NOKIA	67360	8000
BABEL_OP1_203_69885_20130729_180701_R1_scripted.sph	69885	20130729	180701	69885	inLine	VIENTIANE	M	MICROPHONE	31	LAOTEL	NOKIA	95280	8000
BABEL_OP1_203_69885_20130729_180536_S4_scripted.sph	69885	20130729	180536	69885	inLine	VIENTIANE	M	MICROPHONE	31	LAOTEL	NOKIA	52880	8000
BABEL_OP1_203_69885_20130729_180052_C2_scripted.sph	69885	20130729	180052	69885	inLine	VIENTIANE	M	MICROPHONE	31	LAOTEL	NOKIA	50000	8000
BABEL_OP1_203_69885_20130729_180527_A1_scripted.sph	69885	20130729	180527	69885	inLine	VIENTIANE	M	MICROPHONE	31	LAOTEL	NOKIA	11440	8000
BABEL_OP1_203_69885_20130729_175817_C6_scripted.sph	69885	20130729	175817	69885	inLine	VIENTIANE	M	MICROPHONE	31	LAOTEL	NOKIA	49360	8000
BABEL_OP1_203_69885_20130729_175755_O8_scripted.sph	69885	20130729	175755	69885	inLine	VIENTIANE	M	MICROPHONE	31	LAOTEL	NOKIA	36080	8000
BABEL_OP1_203_69885_20130729_180523_S1_scripted.sph	69885	20130729	180523	69885	inLine	VIENTIANE	M	MICROPHONE	31	LAOTEL	NOKIA	65520	8000
BABEL_OP1_203_69885_20130729_175745_O1_scripted.sph	69885	20130729	175745	69885	inLine	VIENTIANE	M	MICROPHONE	31	LAOTEL	NOKIA	36240	8000
BABEL_OP1_203_69885_20130729_175832_O2_scripted.sph	69885	20130729	175832	69885	inLine	VIENTIANE	M	MICROPHONE	31	LAOTEL	NOKIA	39920	8000
BABEL_OP1_203_69885_20130729_180226_O5_scripted.sph	69885	20130729	180226	69885	inLine	VIENTIANE	M	MICROPHONE	31	LAOTEL	NOKIA	49840	8000
BABEL_OP1_203_69885_20130729_180240_S6_scripted.sph	69885	20130729	180240	69885	inLine	VIENTIANE	M	MICROPHONE	31	LAOTEL	NOKIA	89840	8000
BABEL_OP1_203_69885_20130729_180107_C4_scripted.sph	69885	20130729	180107	69885	inLine	VIENTIANE	M	MICROPHONE	31	LAOTEL	NOKIA	42320	8000
BABEL_OP1_203_69885_20130729_180044_C1_scripted.sph	69885	20130729	180044	69885	inLine	VIENTIANE	M	MICROPHONE	31	LAOTEL	NOKIA	40880	8000
BABEL_OP1_203_70639_20130805_192617_O1_scripted.sph	70639	20130805	192617	70639	inLine	VIENTIANE	M	MICROPHONE	50	LAOTEL	NOKIA	42320	8000
BABEL_OP1_203_70639_20130805_193110_R1_scripted.sph	70639	20130805	193110	70639	inLine	VIENTIANE	M	MICROPHONE	50	LAOTEL	NOKIA	87760	8000
BABEL_OP1_203_70639_20130805_193006_S3_scripted.sph	70639	20130805	193006	70639	inLine	VIENTIANE	M	MICROPHONE	50	LAOTEL	NOKIA	100960	8000
BABEL_OP1_203_70639_20130805_192642_D1_scripted.sph	70639	20130805	192642	70639	inLine	VIENTIANE	M	MICROPHONE	50	LAOTEL	NOKIA	71760	8000
BABEL_OP1_203_70639_20130805_192834_O6_scripted.sph	70639	20130805	192834	70639	inLine	VIENTIANE	M	MICROPHONE	50	LAOTEL	NOKIA	57040	8000
BABEL_OP1_203_70639_20130805_193036_S4_scripted.sph	70639	20130805	193036	70639	inLine	VIENTIANE	M	MICROPHONE	50	LAOTEL	NOKIA	63280	8000
BABEL_OP1_203_70639_20130805_192655_C6_scripted.sph	70639	20130805	192655	70639	inLine	VIENTIANE	M	MICROPHONE	50	LAOTEL	NOKIA	67360	8000
BABEL_OP1_203_70639_20130805_192630_O8_scripted.sph	70639	20130805	192630	70639	inLine	VIENTIANE	M	MICROPHONE	50	LAOTEL	NOKIA	58960	8000
BABEL_OP1_203_70639_20130805_193057_S7_scripted.sph	70639	20130805	193057	70639	inLine	VIENTIANE	M	MICROPHONE	50	LAOTEL	NOKIA	73520	8000
BABEL_OP1_203_70639_20130805_193018_S1_scripted.sph	70639	20130805	193018	70639	inLine	VIENTIANE	M	MICROPHONE	50	LAOTEL	NOKIA	77200	8000
BABEL_OP1_203_70639_20130805_192854_O5_scripted.sph	70639	20130805	192854	70639	inLine	VIENTIANE	M	MICROPHONE	50	LAOTEL	NOKIA	59120	8000
BABEL_OP1_203_70639_20130805_192916_D3_scripted.sph	70639	20130805	192916	70639	inLine	VIENTIANE	M	MICROPHONE	50	LAOTEL	NOKIA	41680	8000
BABEL_OP1_203_70639_20130805_192814_C4_scripted.sph	70639	20130805	192814	70639	inLine	VIENTIANE	M	MICROPHONE	50	LAOTEL	NOKIA	53520	8000
BABEL_OP1_203_70639_20130805_192712_O2_scripted.sph	70639	20130805	192712	70639	inLine	VIENTIANE	M	MICROPHONE	50	LAOTEL	NOKIA	47280	8000
BABEL_OP1_203_70639_20130805_193110_S9_scripted.sph	70639	20130805	193110	70639	inLine	VIENTIANE	M	MICROPHONE	50	LAOTEL	NOKIA	87760	8000
BABEL_OP1_203_70639_20130805_193025_A1_scripted.sph	70639	20130805	193025	70639	inLine	VIENTIANE	M	MICROPHONE	50	LAOTEL	NOKIA	38000	8000
BABEL_OP1_203_70639_20130805_192952_D2_scripted.sph	70639	20130805	192952	70639	inLine	VIENTIANE	M	MICROPHONE	50	LAOTEL	NOKIA	67360	8000
BABEL_OP1_203_70639_20130805_192805_O3_scripted.sph	70639	20130805	192805	70639	inLine	VIENTIANE	M	MICROPHONE	50	LAOTEL	NOKIA	38480	8000
BABEL_OP1_203_70639_20130805_193046_N1_scripted.sph	70639	20130805	193046	70639	inLine	VIENTIANE	M	MICROPHONE	50	LAOTEL	NOKIA	67360	8000
BABEL_OP1_203_70639_20130805_192748_C1_scripted.sph	70639	20130805	192748	70639	inLine	VIENTIANE	M	MICROPHONE	50	LAOTEL	NOKIA	50800	8000
BABEL_OP1_203_70639_20130805_192704_T1_scripted.sph	70639	20130805	192704	70639	inLine	VIENTIANE	M	MICROPHONE	50	LAOTEL	NOKIA	43760	8000
BABEL_OP1_203_70639_20130805_192758_C2_scripted.sph	70639	20130805	192758	70639	inLine	VIENTIANE	M	MICROPHONE	50	LAOTEL	NOKIA	67360	8000
BABEL_OP1_203_70639_20130805_192909_S6_scripted.sph	70639	20130805	192909	70639	inLine	VIENTIANE	M	MICROPHONE	50	LAOTEL	NOKIA	100960	8000
BABEL_OP1_203_70639_20130805_192931_S5_scripted.sph	70639	20130805	192931	70639	inLine	VIENTIANE	M	MICROPHONE	50	LAOTEL	NOKIA	101120	8000
BABEL_OP1_203_70639_20130805_192824_M1_scripted.sph	70639	20130805	192824	70639	inLine	VIENTIANE	M	MICROPHONE	50	LAOTEL	NOKIA	67360	8000
BABEL_OP1_203_70639_20130805_192740_S8_scripted.sph	70639	20130805	192740	70639	inLine	VIENTIANE	M	MICROPHONE	50	LAOTEL	NOKIA	72240	8000
BABEL_OP1_203_70639_20130805_192845_S2_scripted.sph	70639	20130805	192845	70639	inLine	VIENTIANE	M	MICROPHONE	50	LAOTEL	NOKIA	71440	8000
BABEL_OP1_203_70639_20130805_192941_T2_scripted.sph	70639	20130805	192941	70639	inLine	VIENTIANE	M	MICROPHONE	50	LAOTEL	NOKIA	67360	8000
BABEL_OP1_203_73042_20130314_185811_C2_scripted.sph	73042	20130314	185811	73042	inLine	VIENTIANE	F	PUBLIC_PLACE	32	LAOTEL	NOKIA	67360	8000
BABEL_OP1_203_73042_20130314_185943_D3_scripted.sph	73042	20130314	185943	73042	inLine	VIENTIANE	F	PUBLIC_PLACE	32	LAOTEL	NOKIA	47760	8000
BABEL_OP1_203_73042_20130314_190152_S9_scripted.sph	73042	20130314	190152	73042	inLine	VIENTIANE	F	PUBLIC_PLACE	32	LAOTEL	NOKIA	100960	8000
BABEL_OP1_203_73042_20130314_185725_S8_scripted.sph	73042	20130314	185725	73042	inLine	VIENTIANE	F	PUBLIC_PLACE	32	LAOTEL	NOKIA	100960	8000
BABEL_OP1_203_73042_20130314_185822_O3_scripted.sph	73042	20130314	185822	73042	inLine	VIENTIANE	F	PUBLIC_PLACE	32	LAOTEL	NOKIA	67360	8000
BABEL_OP1_203_73042_20130314_190116_S4_scripted.sph	73042	20130314	190116	73042	inLine	VIENTIANE	F	PUBLIC_PLACE	32	LAOTEL	NOKIA	101120	8000
BABEL_OP1_203_73042_20130314_185550_O1_scripted.sph	73042	20130314	185550	73042	inLine	VIENTIANE	F	PUBLIC_PLACE	32	LAOTEL	NOKIA	51280	8000
BABEL_OP1_203_73042_20130314_185831_C4_scripted.sph	73042	20130314	185831	73042	inLine	VIENTIANE	F	PUBLIC_PLACE	32	LAOTEL	NOKIA	54320	8000
BABEL_OP1_203_73042_20130314_190018_D2_scripted.sph	73042	20130314	190018	73042	inLine	VIENTIANE	F	PUBLIC_PLACE	32	LAOTEL	NOKIA	67360	8000
BABEL_OP1_203_73042_20130314_190032_S3_scripted.sph	73042	20130314	190032	73042	inLine	VIENTIANE	F	PUBLIC_PLACE	32	LAOTEL	NOKIA	101120	8000
BABEL_OP1_203_73042_20130314_185654_O2_scripted.sph	73042	20130314	185654	73042	inLine	VIENTIANE	F	PUBLIC_PLACE	32	LAOTEL	NOKIA	59040	8000
BABEL_OP1_203_73042_20130314_190047_S1_scripted.sph	73042	20130314	190047	73042	inLine	VIENTIANE	F	PUBLIC_PLACE	32	LAOTEL	NOKIA	100960	8000
BABEL_OP1_203_73042_20130314_185841_M1_scripted.sph	73042	20130314	185841	73042	inLine	VIENTIANE	F	PUBLIC_PLACE	32	LAOTEL	NOKIA	67200	8000
BABEL_OP1_203_73042_20130314_190007_T2_scripted.sph	73042	20130314	190007	73042	inLine	VIENTIANE	F	PUBLIC_PLACE	32	LAOTEL	NOKIA	58640	8000
BABEL_OP1_203_73042_20130314_185900_S2_scripted.sph	73042	20130314	185900	73042	inLine	VIENTIANE	F	PUBLIC_PLACE	32	LAOTEL	NOKIA	50960	8000
BABEL_OP1_203_73042_20130314_185644_T1_scripted.sph	73042	20130314	185644	73042	inLine	VIENTIANE	F	PUBLIC_PLACE	32	LAOTEL	NOKIA	67360	8000
BABEL_OP1_203_73042_20130314_185926_O5_scripted.sph	73042	20130314	185926	73042	inLine	VIENTIANE	F	PUBLIC_PLACE	32	LAOTEL	NOKIA	67200	8000
BABEL_OP1_203_73042_20130314_185958_S5_scripted.sph	73042	20130314	185958	73042	inLine	VIENTIANE	F	PUBLIC_PLACE	32	LAOTEL	NOKIA	100960	8000
BABEL_OP1_203_73042_20130314_185851_O6_scripted.sph	73042	20130314	185851	73042	inLine	VIENTIANE	F	PUBLIC_PLACE	32	LAOTEL	NOKIA	62320	8000
BABEL_OP1_203_73042_20130314_185733_C1_scripted.sph	73042	20130314	185733	73042	inLine	VIENTIANE	F	PUBLIC_PLACE	32	LAOTEL	NOKIA	52400	8000
BABEL_OP1_203_73042_20130314_185604_O8_scripted.sph	73042	20130314	185604	73042	inLine	VIENTIANE	F	PUBLIC_PLACE	32	LAOTEL	NOKIA	67360	8000
BABEL_OP1_203_73042_20130314_190127_N1_scripted.sph	73042	20130314	190127	73042	inLine	VIENTIANE	F	PUBLIC_PLACE	32	LAOTEL	NOKIA	67360	8000
BABEL_OP1_203_73042_20130314_185633_C6_scripted.sph	73042	20130314	185633	73042	inLine	VIENTIANE	F	PUBLIC_PLACE	32	LAOTEL	NOKIA	67360	8000
BABEL_OP1_203_73042_20130314_185935_S6_scripted.sph	73042	20130314	185935	73042	inLine	VIENTIANE	F	PUBLIC_PLACE	32	LAOTEL	NOKIA	51280	8000
BABEL_OP1_203_73042_20130314_190137_S7_scripted.sph	73042	20130314	190137	73042	inLine	VIENTIANE	F	PUBLIC_PLACE	32	LAOTEL	NOKIA	66640	8000
BABEL_OP1_203_73042_20130314_190152_R1_scripted.sph	73042	20130314	190152	73042	inLine	VIENTIANE	F	PUBLIC_PLACE	32	LAOTEL	NOKIA	100960	8000
BABEL_OP1_203_73042_20130314_190102_A1_scripted.sph	73042	20130314	190102	73042	inLine	VIENTIANE	F	PUBLIC_PLACE	32	LAOTEL	NOKIA	100800	8000
BABEL_OP1_203_73042_20130314_185619_D1_scripted.sph	73042	20130314	185619	73042	inLine	VIENTIANE	F	PUBLIC_PLACE	32	LAOTEL	NOKIA	100960	8000
BABEL_OP1_203_73301_20130321_152613_C4_scripted.sph	73301	20130321	152613	73301	inLine	VIENTIANE	M	CAR_KIT	18	LAOTEL	NOKIA	46800	8000
BABEL_OP1_203_73301_20130321_152403_O8_scripted.sph	73301	20130321	152403	73301	inLine	VIENTIANE	M	CAR_KIT	18	LAOTEL	NOKIA	37040	8000
BABEL_OP1_203_73301_20130321_152459_O2_scripted.sph	73301	20130321	152459	73301	inLine	VIENTIANE	M	CAR_KIT	18	LAOTEL	NOKIA	37520	8000
BABEL_OP1_203_73301_20130321_152800_T2_scripted.sph	73301	20130321	152800	73301	inLine	VIENTIANE	M	CAR_KIT	18	LAOTEL	NOKIA	67360	8000
BABEL_OP1_203_73301_20130321_152842_S3_scripted.sph	73301	20130321	152842	73301	inLine	VIENTIANE	M	CAR_KIT	18	LAOTEL	NOKIA	83120	8000
BABEL_OP1_203_73301_20130321_152631_O6_scripted.sph	73301	20130321	152631	73301	inLine	VIENTIANE	M	CAR_KIT	18	LAOTEL	NOKIA	58960	8000
BABEL_OP1_203_73301_20130321_152729_D3_scripted.sph	73301	20130321	152729	73301	inLine	VIENTIANE	M	CAR_KIT	18	LAOTEL	NOKIA	51920	8000
BABEL_OP1_203_73301_20130321_152644_S2_scripted.sph	73301	20130321	152644	73301	inLine	VIENTIANE	M	CAR_KIT	18	LAOTEL	NOKIA	87280	8000
BABEL_OP1_203_73301_20130321_152621_M1_scripted.sph	73301	20130321	152621	73301	inLine	VIENTIANE	M	CAR_KIT	18	LAOTEL	NOKIA	43760	8000
BABEL_OP1_203_73301_20130321_152413_D1_scripted.sph	73301	20130321	152413	73301	inLine	VIENTIANE	M	CAR_KIT	18	LAOTEL	NOKIA	58160	8000
BABEL_OP1_203_73301_20130321_153134_S9_scripted.sph	73301	20130321	153134	73301	inLine	VIENTIANE	M	CAR_KIT	18	LAOTEL	NOKIA	73680	8000
BABEL_OP1_203_73301_20130321_152427_C6_scripted.sph	73301	20130321	152427	73301	inLine	VIENTIANE	M	CAR_KIT	18	LAOTEL	NOKIA	67360	8000
BABEL_OP1_203_73301_20130321_152736_S5_scripted.sph	73301	20130321	152736	73301	inLine	VIENTIANE	M	CAR_KIT	18	LAOTEL	NOKIA	44240	8000
BABEL_OP1_203_73301_20130321_152353_O1_scripted.sph	73301	20130321	152353	73301	inLine	VIENTIANE	M	CAR_KIT	18	LAOTEL	NOKIA	38960	8000
BABEL_OP1_203_73301_20130321_152551_O3_scripted.sph	73301	20130321	152551	73301	inLine	VIENTIANE	M	CAR_KIT	18	LAOTEL	NOKIA	40240	8000
BABEL_OP1_203_73301_20130321_152925_S4_scripted.sph	73301	20130321	152925	73301	inLine	VIENTIANE	M	CAR_KIT	18	LAOTEL	NOKIA	50800	8000
BABEL_OP1_203_73301_20130321_152908_S1_scripted.sph	73301	20130321	152908	73301	inLine	VIENTIANE	M	CAR_KIT	18	LAOTEL	NOKIA	51280	8000
BABEL_OP1_203_73301_20130321_152544_C2_scripted.sph	73301	20130321	152544	73301	inLine	VIENTIANE	M	CAR_KIT	18	LAOTEL	NOKIA	56880	8000
BABEL_OP1_203_73301_20130321_152947_N1_scripted.sph	73301	20130321	152947	73301	inLine	VIENTIANE	M	CAR_KIT	18	LAOTEL	NOKIA	54800	8000
BABEL_OP1_203_73301_20130321_152810_D2_scripted.sph	73301	20130321	152810	73301	inLine	VIENTIANE	M	CAR_KIT	18	LAOTEL	NOKIA	67360	8000
BABEL_OP1_203_73301_20130321_152720_S6_scripted.sph	73301	20130321	152720	73301	inLine	VIENTIANE	M	CAR_KIT	18	LAOTEL	NOKIA	67920	8000
BABEL_OP1_203_73301_20130321_152652_O5_scripted.sph	73301	20130321	152652	73301	inLine	VIENTIANE	M	CAR_KIT	18	LAOTEL	NOKIA	46320	8000
BABEL_OP1_203_73301_20130321_152452_T1_scripted.sph	73301	20130321	152452	73301	inLine	VIENTIANE	M	CAR_KIT	18	LAOTEL	NOKIA	67360	8000
BABEL_OP1_203_73301_20130321_153122_S7_scripted.sph	73301	20130321	153122	73301	inLine	VIENTIANE	M	CAR_KIT	18	LAOTEL	NOKIA	101120	8000
BABEL_OP1_203_73301_20130321_152536_C1_scripted.sph	73301	20130321	152536	73301	inLine	VIENTIANE	M	CAR_KIT	18	LAOTEL	NOKIA	67360	8000
BABEL_OP1_203_73301_20130321_152916_A1_scripted.sph	73301	20130321	152916	73301	inLine	VIENTIANE	M	CAR_KIT	18	LAOTEL	NOKIA	46320	8000
BABEL_OP1_203_73301_20130321_153134_R1_scripted.sph	73301	20130321	153134	73301	inLine	VIENTIANE	M	CAR_KIT	18	LAOTEL	NOKIA	73680	8000
BABEL_OP1_203_73301_20130321_152525_S8_scripted.sph	73301	20130321	152525	73301	inLine	VIENTIANE	M	CAR_KIT	18	LAOTEL	NOKIA	62160	8000
BABEL_OP1_203_78749_20130426_183014_C4_scripted.sph	78749	20130426	183014	78749	inLine	VIENTIANE	M	HOME_OFFICE_LANDLINE	46	LAOTEL	LG	45680	8000
BABEL_OP1_203_78749_20130426_182844_O2_scripted.sph	78749	20130426	182844	78749	inLine	VIENTIANE	M	HOME_OFFICE_LANDLINE	46	LAOTEL	LG	39760	8000
BABEL_OP1_203_78749_20130426_182917_C1_scripted.sph	78749	20130426	182917	78749	inLine	VIENTIANE	M	HOME_OFFICE_LANDLINE	46	LAOTEL	LG	38320	8000
BABEL_OP1_203_78749_20130426_183043_O6_scripted.sph	78749	20130426	183043	78749	inLine	VIENTIANE	M	HOME_OFFICE_LANDLINE	46	LAOTEL	LG	44720	8000
BABEL_OP1_203_78749_20130426_182910_S8_scripted.sph	78749	20130426	182910	78749	inLine	VIENTIANE	M	HOME_OFFICE_LANDLINE	46	LAOTEL	LG	62000	8000
BABEL_OP1_203_78749_20130426_182803_O8_scripted.sph	78749	20130426	182803	78749	inLine	VIENTIANE	M	HOME_OFFICE_LANDLINE	46	LAOTEL	LG	32240	8000
BABEL_OP1_203_78749_20130426_183125_O5_scripted.sph	78749	20130426	183125	78749	inLine	VIENTIANE	M	HOME_OFFICE_LANDLINE	46	LAOTEL	LG	44240	8000
BABEL_OP1_203_78749_20130426_183132_S6_scripted.sph	78749	20130426	183132	78749	inLine	VIENTIANE	M	HOME_OFFICE_LANDLINE	46	LAOTEL	LG	45680	8000
BABEL_OP1_203_78749_20130426_183152_S5_scripted.sph	78749	20130426	183152	78749	inLine	VIENTIANE	M	HOME_OFFICE_LANDLINE	46	LAOTEL	LG	78640	8000
BABEL_OP1_203_78749_20130426_182958_C2_scripted.sph	78749	20130426	182958	78749	inLine	VIENTIANE	M	HOME_OFFICE_LANDLINE	46	LAOTEL	LG	58960	8000
BABEL_OP1_203_78749_20130426_182754_O1_scripted.sph	78749	20130426	182754	78749	inLine	VIENTIANE	M	HOME_OFFICE_LANDLINE	46	LAOTEL	LG	39120	8000
BABEL_OP1_203_78749_20130426_183327_N1_scripted.sph	78749	20130426	183327	78749	inLine	VIENTIANE	M	HOME_OFFICE_LANDLINE	46	LAOTEL	LG	56880	8000
BABEL_OP1_203_78749_20130426_182816_D1_scripted.sph	78749	20130426	182816	78749	inLine	VIENTIANE	M	HOME_OFFICE_LANDLINE	46	LAOTEL	LG	74160	8000
BABEL_OP1_203_78749_20130426_183336_S7_scripted.sph	78749	20130426	183336	78749	inLine	VIENTIANE	M	HOME_OFFICE_LANDLINE	46	LAOTEL	LG	50640	8000
BABEL_OP1_203_78749_20130426_183346_S9_scripted.sph	78749	20130426	183346	78749	inLine	VIENTIANE	M	HOME_OFFICE_LANDLINE	46	LAOTEL	LG	63600	8000
BABEL_OP1_203_78749_20130426_183006_O3_scripted.sph	78749	20130426	183006	78749	inLine	VIENTIANE	M	HOME_OFFICE_LANDLINE	46	LAOTEL	LG	44720	8000
BABEL_OP1_203_78749_20130426_183227_S3_scripted.sph	78749	20130426	183227	78749	inLine	VIENTIANE	M	HOME_OFFICE_LANDLINE	46	LAOTEL	LG	100960	8000
BABEL_OP1_203_78749_20130426_183202_T2_scripted.sph	78749	20130426	183202	78749	inLine	VIENTIANE	M	HOME_OFFICE_LANDLINE	46	LAOTEL	LG	67360	8000
BABEL_OP1_203_78749_20130426_183022_M1_scripted.sph	78749	20130426	183022	78749	inLine	VIENTIANE	M	HOME_OFFICE_LANDLINE	46	LAOTEL	LG	49840	8000
BABEL_OP1_203_78749_20130426_183318_S4_scripted.sph	78749	20130426	183318	78749	inLine	VIENTIANE	M	HOME_OFFICE_LANDLINE	46	LAOTEL	LG	95600	8000
BABEL_OP1_203_78749_20130426_182827_C6_scripted.sph	78749	20130426	182827	78749	inLine	VIENTIANE	M	HOME_OFFICE_LANDLINE	46	LAOTEL	LG	53520	8000
BABEL_OP1_203_78749_20130426_183304_A1_scripted.sph	78749	20130426	183304	78749	inLine	VIENTIANE	M	HOME_OFFICE_LANDLINE	46	LAOTEL	LG	33680	8000
BABEL_OP1_203_78749_20130426_182837_T1_scripted.sph	78749	20130426	182837	78749	inLine	VIENTIANE	M	HOME_OFFICE_LANDLINE	46	LAOTEL	LG	49840	8000
BABEL_OP1_203_78749_20130426_183257_S1_scripted.sph	78749	20130426	183257	78749	inLine	VIENTIANE	M	HOME_OFFICE_LANDLINE	46	LAOTEL	LG	80240	8000
BABEL_OP1_203_78749_20130426_183346_R1_scripted.sph	78749	20130426	183346	78749	inLine	VIENTIANE	M	HOME_OFFICE_LANDLINE	46	LAOTEL	LG	63600	8000
BABEL_OP1_203_78749_20130426_183140_D3_scripted.sph	78749	20130426	183140	78749	inLine	VIENTIANE	M	HOME_OFFICE_LANDLINE	46	LAOTEL	LG	41680	8000
BABEL_OP1_203_78749_20130426_183117_S2_scripted.sph	78749	20130426	183117	78749	inLine	VIENTIANE	M	HOME_OFFICE_LANDLINE	46	LAOTEL	LG	86160	8000
BABEL_OP1_203_78749_20130426_183213_D2_scripted.sph	78749	20130426	183213	78749	inLine	VIENTIANE	M	HOME_OFFICE_LANDLINE	46	LAOTEL	LG	67360	8000
BABEL_OP1_203_83813_20130812_134157_S8_scripted.sph	83813	20130812	134157	83813	inLine	VIENTIANE	F	MICROPHONE	40	LAOTEL	NOKIA	89200	8000
BABEL_OP1_203_83813_20130812_134345_O5_scripted.sph	83813	20130812	134345	83813	inLine	VIENTIANE	F	MICROPHONE	40	LAOTEL	NOKIA	63760	8000
BABEL_OP1_203_83813_20130812_134111_C6_scripted.sph	83813	20130812	134111	83813	inLine	VIENTIANE	F	MICROPHONE	40	LAOTEL	NOKIA	58160	8000
BABEL_OP1_203_83813_20130812_134231_C4_scripted.sph	83813	20130812	134231	83813	inLine	VIENTIANE	F	MICROPHONE	40	LAOTEL	NOKIA	56240	8000
BABEL_OP1_203_83813_20130812_134222_O3_scripted.sph	83813	20130812	134222	83813	inLine	VIENTIANE	F	MICROPHONE	40	LAOTEL	NOKIA	38960	8000
BABEL_OP1_203_83813_20130812_134215_C2_scripted.sph	83813	20130812	134215	83813	inLine	VIENTIANE	F	MICROPHONE	40	LAOTEL	NOKIA	63760	8000
BABEL_OP1_203_83813_20130812_134751_S4_scripted.sph	83813	20130812	134751	83813	inLine	VIENTIANE	F	MICROPHONE	40	LAOTEL	NOKIA	100960	8000
BABEL_OP1_203_83813_20130812_134841_R1_scripted.sph	83813	20130812	134841	83813	inLine	VIENTIANE	F	MICROPHONE	40	LAOTEL	NOKIA	100960	8000
BABEL_OP1_203_83813_20130812_134658_A1_scripted.sph	83813	20130812	134658	83813	inLine	VIENTIANE	F	MICROPHONE	40	LAOTEL	NOKIA	46000	8000
BABEL_OP1_203_83813_20130812_134615_D2_scripted.sph	83813	20130812	134615	83813	inLine	VIENTIANE	F	MICROPHONE	40	LAOTEL	NOKIA	67200	8000
BABEL_OP1_203_83813_20130812_134058_D1_scripted.sph	83813	20130812	134058	83813	inLine	VIENTIANE	F	MICROPHONE	40	LAOTEL	NOKIA	62800	8000
BABEL_OP1_203_83813_20130812_134441_S5_scripted.sph	83813	20130812	134441	83813	inLine	VIENTIANE	F	MICROPHONE	40	LAOTEL	NOKIA	100960	8000
BABEL_OP1_203_83813_20130812_134325_O6_scripted.sph	83813	20130812	134325	83813	inLine	VIENTIANE	F	MICROPHONE	40	LAOTEL	NOKIA	52720	8000
BABEL_OP1_203_83813_20130812_134624_S3_scripted.sph	83813	20130812	134624	83813	inLine	VIENTIANE	F	MICROPHONE	40	LAOTEL	NOKIA	51120	8000
BABEL_OP1_203_83813_20130812_134127_O2_scripted.sph	83813	20130812	134127	83813	inLine	VIENTIANE	F	MICROPHONE	40	LAOTEL	NOKIA	42000	8000
BABEL_OP1_203_83813_20130812_134418_S6_scripted.sph	83813	20130812	134418	83813	inLine	VIENTIANE	F	MICROPHONE	40	LAOTEL	NOKIA	79600	8000
BABEL_OP1_203_83813_20130812_134826_S7_scripted.sph	83813	20130812	134826	83813	inLine	VIENTIANE	F	MICROPHONE	40	LAOTEL	NOKIA	84720	8000
BABEL_OP1_203_83813_20130812_134119_T1_scripted.sph	83813	20130812	134119	83813	inLine	VIENTIANE	F	MICROPHONE	40	LAOTEL	NOKIA	43120	8000
BABEL_OP1_203_83813_20130812_134047_O8_scripted.sph	83813	20130812	134047	83813	inLine	VIENTIANE	F	MICROPHONE	40	LAOTEL	NOKIA	49680	8000
BABEL_OP1_203_83813_20130812_134841_S9_scripted.sph	83813	20130812	134841	83813	inLine	VIENTIANE	F	MICROPHONE	40	LAOTEL	NOKIA	100960	8000
BABEL_OP1_203_83813_20130812_134426_D3_scripted.sph	83813	20130812	134426	83813	inLine	VIENTIANE	F	MICROPHONE	40	LAOTEL	NOKIA	45520	8000
BABEL_OP1_203_83813_20130812_134205_C1_scripted.sph	83813	20130812	134205	83813	inLine	VIENTIANE	F	MICROPHONE	40	LAOTEL	NOKIA	53040	8000
BABEL_OP1_203_83813_20130812_134335_S2_scripted.sph	83813	20130812	134335	83813	inLine	VIENTIANE	F	MICROPHONE	40	LAOTEL	NOKIA	63120	8000
BABEL_OP1_203_83813_20130812_134036_O1_scripted.sph	83813	20130812	134036	83813	inLine	VIENTIANE	F	MICROPHONE	40	LAOTEL	NOKIA	55120	8000
BABEL_OP1_203_83813_20130812_134545_T2_scripted.sph	83813	20130812	134545	83813	inLine	VIENTIANE	F	MICROPHONE	40	LAOTEL	NOKIA	67360	8000
BABEL_OP1_203_83813_20130812_134241_M1_scripted.sph	83813	20130812	134241	83813	inLine	VIENTIANE	F	MICROPHONE	40	LAOTEL	NOKIA	62960	8000
BABEL_OP1_203_83813_20130812_134650_S1_scripted.sph	83813	20130812	134650	83813	inLine	VIENTIANE	F	MICROPHONE	40	LAOTEL	NOKIA	66800	8000
BABEL_OP1_203_83813_20130812_134813_N1_scripted.sph	83813	20130812	134813	83813	inLine	VIENTIANE	F	MICROPHONE	40	LAOTEL	NOKIA	67360	8000
BABEL_OP1_203_86830_20130423_195318_S1_scripted.sph	86830	20130423	195318	86830	inLine	VIENTIANE	M	HOME_OFFICE_LANDLINE	32	LAOTEL	LG	49520	8000
BABEL_OP1_203_86830_20130423_194954_S8_scripted.sph	86830	20130423	194954	86830	inLine	VIENTIANE	M	HOME_OFFICE_LANDLINE	32	LAOTEL	LG	44720	8000
BABEL_OP1_203_86830_20130423_195011_C2_scripted.sph	86830	20130423	195011	86830	inLine	VIENTIANE	M	HOME_OFFICE_LANDLINE	32	LAOTEL	LG	58640	8000
BABEL_OP1_203_86830_20130423_194819_D1_scripted.sph	86830	20130423	194819	86830	inLine	VIENTIANE	M	HOME_OFFICE_LANDLINE	32	LAOTEL	LG	53360	8000
BABEL_OP1_203_86830_20130423_195325_A1_scripted.sph	86830	20130423	195325	86830	inLine	VIENTIANE	M	HOME_OFFICE_LANDLINE	32	LAOTEL	LG	35280	8000
BABEL_OP1_203_86830_20130423_195256_S3_scripted.sph	86830	20130423	195256	86830	inLine	VIENTIANE	M	HOME_OFFICE_LANDLINE	32	LAOTEL	LG	54320	8000
BABEL_OP1_203_86830_20130423_195057_O6_scripted.sph	86830	20130423	195057	86830	inLine	VIENTIANE	M	HOME_OFFICE_LANDLINE	32	LAOTEL	LG	49040	8000
BABEL_OP1_203_86830_20130423_195144_D3_scripted.sph	86830	20130423	195144	86830	inLine	VIENTIANE	M	HOME_OFFICE_LANDLINE	32	LAOTEL	LG	34480	8000
BABEL_OP1_203_86830_20130423_194759_O1_scripted.sph	86830	20130423	194759	86830	inLine	VIENTIANE	M	HOME_OFFICE_LANDLINE	32	LAOTEL	LG	47440	8000
BABEL_OP1_203_86830_20130423_195018_O3_scripted.sph	86830	20130423	195018	86830	inLine	VIENTIANE	M	HOME_OFFICE_LANDLINE	32	LAOTEL	LG	39600	8000
BABEL_OP1_203_86830_20130423_195337_S4_scripted.sph	86830	20130423	195337	86830	inLine	VIENTIANE	M	HOME_OFFICE_LANDLINE	32	LAOTEL	LG	82320	8000
BABEL_OP1_203_86830_20130423_195212_S5_scripted.sph	86830	20130423	195212	86830	inLine	VIENTIANE	M	HOME_OFFICE_LANDLINE	32	LAOTEL	LG	54800	8000
BABEL_OP1_203_86830_20130423_195002_C1_scripted.sph	86830	20130423	195002	86830	inLine	VIENTIANE	M	HOME_OFFICE_LANDLINE	32	LAOTEL	LG	48080	8000
BABEL_OP1_203_86830_20130423_194849_O2_scripted.sph	86830	20130423	194849	86830	inLine	VIENTIANE	M	HOME_OFFICE_LANDLINE	32	LAOTEL	LG	34000	8000
BABEL_OP1_203_86830_20130423_194842_T1_scripted.sph	86830	20130423	194842	86830	inLine	VIENTIANE	M	HOME_OFFICE_LANDLINE	32	LAOTEL	LG	53360	8000
BABEL_OP1_203_86830_20130423_195410_S9_scripted.sph	86830	20130423	195410	86830	inLine	VIENTIANE	M	HOME_OFFICE_LANDLINE	32	LAOTEL	LG	100960	8000
BABEL_OP1_203_86830_20130423_195040_C4_scripted.sph	86830	20130423	195040	86830	inLine	VIENTIANE	M	HOME_OFFICE_LANDLINE	32	LAOTEL	LG	48240	8000
BABEL_OP1_203_86830_20130423_195107_S2_scripted.sph	86830	20130423	195107	86830	inLine	VIENTIANE	M	HOME_OFFICE_LANDLINE	32	LAOTEL	LG	59280	8000
BABEL_OP1_203_86830_20130423_194810_O8_scripted.sph	86830	20130423	194810	86830	inLine	VIENTIANE	M	HOME_OFFICE_LANDLINE	32	LAOTEL	LG	39600	8000
BABEL_OP1_203_86830_20130423_194833_C6_scripted.sph	86830	20130423	194833	86830	inLine	VIENTIANE	M	HOME_OFFICE_LANDLINE	32	LAOTEL	LG	67360	8000
BABEL_OP1_203_86830_20130423_195221_T2_scripted.sph	86830	20130423	195221	86830	inLine	VIENTIANE	M	HOME_OFFICE_LANDLINE	32	LAOTEL	LG	56080	8000
BABEL_OP1_203_86830_20130423_195247_D2_scripted.sph	86830	20130423	195247	86830	inLine	VIENTIANE	M	HOME_OFFICE_LANDLINE	32	LAOTEL	LG	67360	8000
BABEL_OP1_203_86830_20130423_195124_S6_scripted.sph	86830	20130423	195124	86830	inLine	VIENTIANE	M	HOME_OFFICE_LANDLINE	32	LAOTEL	LG	49680	8000
BABEL_OP1_203_86830_20130423_195116_O5_scripted.sph	86830	20130423	195116	86830	inLine	VIENTIANE	M	HOME_OFFICE_LANDLINE	32	LAOTEL	LG	57840	8000
BABEL_OP1_203_86830_20130423_195049_M1_scripted.sph	86830	20130423	195049	86830	inLine	VIENTIANE	M	HOME_OFFICE_LANDLINE	32	LAOTEL	LG	46480	8000
BABEL_OP1_203_86830_20130423_195347_N1_scripted.sph	86830	20130423	195347	86830	inLine	VIENTIANE	M	HOME_OFFICE_LANDLINE	32	LAOTEL	LG	61200	8000
BABEL_OP1_203_86830_20130423_195410_R1_scripted.sph	86830	20130423	195410	86830	inLine	VIENTIANE	M	HOME_OFFICE_LANDLINE	32	LAOTEL	LG	100960	8000
BABEL_OP1_203_86830_20130423_195355_S7_scripted.sph	86830	20130423	195355	86830	inLine	VIENTIANE	M	HOME_OFFICE_LANDLINE	32	LAOTEL	LG	46480	8000
BABEL_OP1_203_96842_20130726_141501_S6_scripted.sph	96842	20130726	141501	96842	inLine	VIENTIANE	F	MICROPHONE	58	LAOTEL	NOKIA	80880	8000
BABEL_OP1_203_96842_20130726_141448_O5_scripted.sph	96842	20130726	141448	96842	inLine	VIENTIANE	F	MICROPHONE	58	LAOTEL	NOKIA	45040	8000
BABEL_OP1_203_96842_20130726_141404_O3_scripted.sph	96842	20130726	141404	96842	inLine	VIENTIANE	F	MICROPHONE	58	LAOTEL	NOKIA	34960	8000
BABEL_OP1_203_96842_20130726_141718_S9_scripted.sph	96842	20130726	141718	96842	inLine	VIENTIANE	F	MICROPHONE	58	LAOTEL	NOKIA	101120	8000
BABEL_OP1_203_96842_20130726_141339_S8_scripted.sph	96842	20130726	141339	96842	inLine	VIENTIANE	F	MICROPHONE	58	LAOTEL	NOKIA	100960	8000
BABEL_OP1_203_96842_20130726_141308_O2_scripted.sph	96842	20130726	141308	96842	inLine	VIENTIANE	F	MICROPHONE	58	LAOTEL	NOKIA	35280	8000
BABEL_OP1_203_96842_20130726_141623_S1_scripted.sph	96842	20130726	141623	96842	inLine	VIENTIANE	F	MICROPHONE	58	LAOTEL	NOKIA	52400	8000
BABEL_OP1_203_96842_20130726_141718_R1_scripted.sph	96842	20130726	141718	96842	inLine	VIENTIANE	F	MICROPHONE	58	LAOTEL	NOKIA	101120	8000
BABEL_OP1_203_96842_20130726_141207_O8_scripted.sph	96842	20130726	141207	96842	inLine	VIENTIANE	F	MICROPHONE	58	LAOTEL	NOKIA	41840	8000
BABEL_OP1_203_96842_20130726_141251_C6_scripted.sph	96842	20130726	141251	96842	inLine	VIENTIANE	F	MICROPHONE	58	LAOTEL	NOKIA	63120	8000
BABEL_OP1_203_96842_20130726_141601_S3_scripted.sph	96842	20130726	141601	96842	inLine	VIENTIANE	F	MICROPHONE	58	LAOTEL	NOKIA	77520	8000
BABEL_OP1_203_96842_20130726_141644_S4_scripted.sph	96842	20130726	141644	96842	inLine	VIENTIANE	F	MICROPHONE	58	LAOTEL	NOKIA	100960	8000
BABEL_OP1_203_96842_20130726_141432_O6_scripted.sph	96842	20130726	141432	96842	inLine	VIENTIANE	F	MICROPHONE	58	LAOTEL	NOKIA	50000	8000
BABEL_OP1_203_96842_20130726_141347_C1_scripted.sph	96842	20130726	141347	96842	inLine	VIENTIANE	F	MICROPHONE	58	LAOTEL	NOKIA	52080	8000
BABEL_OP1_203_96842_20130726_141423_M1_scripted.sph	96842	20130726	141423	96842	inLine	VIENTIANE	F	MICROPHONE	58	LAOTEL	NOKIA	61840	8000
BABEL_OP1_203_96842_20130726_141703_S7_scripted.sph	96842	20130726	141703	96842	inLine	VIENTIANE	F	MICROPHONE	58	LAOTEL	NOKIA	55600	8000
BABEL_OP1_203_96842_20130726_141238_D1_scripted.sph	96842	20130726	141238	96842	inLine	VIENTIANE	F	MICROPHONE	58	LAOTEL	NOKIA	83440	8000
BABEL_OP1_203_96842_20130726_141654_N1_scripted.sph	96842	20130726	141654	96842	inLine	VIENTIANE	F	MICROPHONE	58	LAOTEL	NOKIA	58800	8000
BABEL_OP1_203_96842_20130726_141157_O1_scripted.sph	96842	20130726	141157	96842	inLine	VIENTIANE	F	MICROPHONE	58	LAOTEL	NOKIA	47120	8000
BABEL_OP1_203_96842_20130726_141357_C2_scripted.sph	96842	20130726	141357	96842	inLine	VIENTIANE	F	MICROPHONE	58	LAOTEL	NOKIA	66400	8000
BABEL_OP1_203_96842_20130726_141507_D3_scripted.sph	96842	20130726	141507	96842	inLine	VIENTIANE	F	MICROPHONE	58	LAOTEL	NOKIA	37680	8000
BABEL_OP1_203_96842_20130726_141413_C4_scripted.sph	96842	20130726	141413	96842	inLine	VIENTIANE	F	MICROPHONE	58	LAOTEL	NOKIA	56240	8000
BABEL_OP1_203_96842_20130726_141301_T1_scripted.sph	96842	20130726	141301	96842	inLine	VIENTIANE	F	MICROPHONE	58	LAOTEL	NOKIA	52240	8000
BABEL_OP1_203_96842_20130726_141549_D2_scripted.sph	96842	20130726	141549	96842	inLine	VIENTIANE	F	MICROPHONE	58	LAOTEL	NOKIA	66400	8000
BABEL_OP1_203_96842_20130726_141630_A1_scripted.sph	96842	20130726	141630	96842	inLine	VIENTIANE	F	MICROPHONE	58	LAOTEL	NOKIA	37680	8000
BABEL_OP1_203_96842_20130726_141539_T2_scripted.sph	96842	20130726	141539	96842	inLine	VIENTIANE	F	MICROPHONE	58	LAOTEL	NOKIA	67360	8000
BABEL_OP1_203_96842_20130726_141441_S2_scripted.sph	96842	20130726	141441	96842	inLine	VIENTIANE	F	MICROPHONE	58	LAOTEL	NOKIA	53840	8000
BABEL_OP1_203_96842_20130726_141516_S5_scripted.sph	96842	20130726	141516	96842	inLine	VIENTIANE	F	MICROPHONE	58	LAOTEL	NOKIA	50480	8000
